Time,Block,Trial,Scene_from_keyfile,Shapes,Positions,Tracked_x,Tracked_y,Mouse_x,Mouse_y
4764,0,1,132,[2, 1, 6, 5, 11, 10],[[2, 3], [3, 3], [1, 2], [1, 3], [1, 1], [2, 2]],950,568,956,543
4780,0,1,132,[2, 1, 6, 5, 11, 10],[[2, 3], [3, 3], [1, 2], [1, 3], [1, 1], [2, 2]],928,565,956,543
4796,0,1,132,[2, 1, 6, 5, 11, 10],[[2, 3], [3, 3], [1, 2], [1, 3], [1, 1], [2, 2]],934,578,956,543
4813,0,1,132,[2, 1, 6, 5, 11, 10],[[2, 3], [3, 3], [1, 2], [1, 3], [1, 1], [2, 2]],932,577,956,543
4830,0,1,132,[2, 1, 6, 5, 11, 10],[[2, 3], [3, 3], [1, 2], [1, 3], [1, 1], [2, 2]],913,578,956,543
4847,0,1,132,[2, 1, 6, 5, 11, 10],[[2, 3], [3, 3], [1, 2], [1, 3], [1, 1], [2, 2]],919,577,956,543
4863,0,1,132,[2, 1, 6, 5, 11, 10],[[2, 3], [3, 3], [1, 2], [1, 3], [1, 1], [2, 2]],923,561,956,543
4879,0,1,132,[2, 1, 6, 5, 11, 10],[[2, 3], [3, 3], [1, 2], [1, 3], [1, 1], [2, 2]],906,530,956,543
4895,0,1,132,[2, 1, 6, 5, 11, 10],[[2, 3], [3, 3], [1, 2], [1, 3], [1, 1], [2, 2]],886,527,956,543
4911,0,1,132,[2, 1, 6, 5, 11, 10],[[2, 3], [3, 3], [1, 2], [1, 3], [1, 1], [2, 2]],865,536,956,543
4928,0,1,132,[2, 1, 6, 5, 11, 10],[[2, 3], [3, 3], [1, 2], [1, 3], [1, 1], [2, 2]],857,515,956,543
4944,0,1,132,[2, 1, 6, 5, 11, 10],[[2, 3], [3, 3], [1, 2], [1, 3], [1, 1], [2, 2]],862,513,956,543
4961,0,1,132,[2, 1, 6, 5, 11, 10],[[2, 3], [3, 3], [1, 2], [1, 3], [1, 1], [2, 2]],889,495,956,543
4977,0,1,132,[2, 1, 6, 5, 11, 10],[[2, 3], [3, 3], [1, 2], [1, 3], [1, 1], [2, 2]],871,516,956,543
4994,0,1,132,[2, 1, 6, 5, 11, 10],[[2, 3], [3, 3], [1, 2], [1, 3], [1, 1], [2, 2]],885,519,956,543
5010,0,1,132,[2, 1, 6, 5, 11, 10],[[2, 3], [3, 3], [1, 2], [1, 3], [1, 1], [2, 2]],892,493,956,543
5027,0,1,132,[2, 1, 6, 5, 11, 10],[[2, 3], [3, 3], [1, 2], [1, 3], [1, 1], [2, 2]],890,519,956,543
5044,0,1,132,[2, 1, 6, 5, 11, 10],[[2, 3], [3, 3], [1, 2], [1, 3], [1, 1], [2, 2]],897,496,956,543
5061,0,1,132,[2, 1, 6, 5, 11, 10],[[2, 3], [3, 3], [1, 2], [1, 3], [1, 1], [2, 2]],895,466,956,543
5077,0,1,132,[2, 1, 6, 5, 11, 10],[[2, 3], [3, 3], [1, 2], [1, 3], [1, 1], [2, 2]],900,482,956,543
5094,0,1,132,[2, 1, 6, 5, 11, 10],[[2, 3], [3, 3], [1, 2], [1, 3], [1, 1], [2, 2]],879,471,956,543
5111,0,1,132,[2, 1, 6, 5, 11, 10],[[2, 3], [3, 3], [1, 2], [1, 3], [1, 1], [2, 2]],883,445,956,543
5127,0,1,132,[2, 1, 6, 5, 11, 10],[[2, 3], [3, 3], [1, 2], [1, 3], [1, 1], [2, 2]],904,447,956,543
5144,0,1,132,[2, 1, 6, 5, 11, 10],[[2, 3], [3, 3], [1, 2], [1, 3], [1, 1], [2, 2]],911,423,956,543
5160,0,1,132,[2, 1, 6, 5, 11, 10],[[2, 3], [3, 3], [1, 2], [1, 3], [1, 1], [2, 2]],920,430,956,543
5177,0,1,132,[2, 1, 6, 5, 11, 10],[[2, 3], [3, 3], [1, 2], [1, 3], [1, 1], [2, 2]],920,398,956,543
5194,0,1,132,[2, 1, 6, 5, 11, 10],[[2, 3], [3, 3], [1, 2], [1, 3], [1, 1], [2, 2]],933,380,956,543
5211,0,1,132,[2, 1, 6, 5, 11, 10],[[2, 3], [3, 3], [1, 2], [1, 3], [1, 1], [2, 2]],937,391,956,543
5228,0,1,132,[2, 1, 6, 5, 11, 10],[[2, 3], [3, 3], [1, 2], [1, 3], [1, 1], [2, 2]],935,383,956,543
5245,0,1,132,[2, 1, 6, 5, 11, 10],[[2, 3], [3, 3], [1, 2], [1, 3], [1, 1], [2, 2]],932,377,956,543
5261,0,1,132,[2, 1, 6, 5, 11, 10],[[2, 3], [3, 3], [1, 2], [1, 3], [1, 1], [2, 2]],909,406,956,543
5278,0,1,132,[2, 1, 6, 5, 11, 10],[[2, 3], [3, 3], [1, 2], [1, 3], [1, 1], [2, 2]],909,426,956,543
5295,0,1,132,[2, 1, 6, 5, 11, 10],[[2, 3], [3, 3], [1, 2], [1, 3], [1, 1], [2, 2]],927,420,956,543
5311,0,1,132,[2, 1, 6, 5, 11, 10],[[2, 3], [3, 3], [1, 2], [1, 3], [1, 1], [2, 2]],924,412,956,543
5327,0,1,132,[2, 1, 6, 5, 11, 10],[[2, 3], [3, 3], [1, 2], [1, 3], [1, 1], [2, 2]],930,420,956,543
5343,0,1,132,[2, 1, 6, 5, 11, 10],[[2, 3], [3, 3], [1, 2], [1, 3], [1, 1], [2, 2]],927,416,956,543
5360,0,1,132,[2, 1, 6, 5, 11, 10],[[2, 3], [3, 3], [1, 2], [1, 3], [1, 1], [2, 2]],933,410,956,543
5377,0,1,132,[2, 1, 6, 5, 11, 10],[[2, 3], [3, 3], [1, 2], [1, 3], [1, 1], [2, 2]],940,401,956,543
5394,0,1,132,[2, 1, 6, 5, 11, 10],[[2, 3], [3, 3], [1, 2], [1, 3], [1, 1], [2, 2]],914,412,956,543
5411,0,1,132,[2, 1, 6, 5, 11, 10],[[2, 3], [3, 3], [1, 2], [1, 3], [1, 1], [2, 2]],923,427,956,543
5427,0,1,132,[2, 1, 6, 5, 11, 10],[[2, 3], [3, 3], [1, 2], [1, 3], [1, 1], [2, 2]],906,422,956,543
5444,0,1,132,[2, 1, 6, 5, 11, 10],[[2, 3], [3, 3], [1, 2], [1, 3], [1, 1], [2, 2]],933,417,956,543
5461,0,1,132,[2, 1, 6, 5, 11, 10],[[2, 3], [3, 3], [1, 2], [1, 3], [1, 1], [2, 2]],938,424,956,543
5478,0,1,132,[2, 1, 6, 5, 11, 10],[[2, 3], [3, 3], [1, 2], [1, 3], [1, 1], [2, 2]],908,427,956,543
5495,0,1,132,[2, 1, 6, 5, 11, 10],[[2, 3], [3, 3], [1, 2], [1, 3], [1, 1], [2, 2]],905,426,956,543
5512,0,1,132,[2, 1, 6, 5, 11, 10],[[2, 3], [3, 3], [1, 2], [1, 3], [1, 1], [2, 2]],905,410,956,543
5528,0,1,132,[2, 1, 6, 5, 11, 10],[[2, 3], [3, 3], [1, 2], [1, 3], [1, 1], [2, 2]],894,427,956,543
5544,0,1,132,[2, 1, 6, 5, 11, 10],[[2, 3], [3, 3], [1, 2], [1, 3], [1, 1], [2, 2]],904,430,956,543
5560,0,1,132,[2, 1, 6, 5, 11, 10],[[2, 3], [3, 3], [1, 2], [1, 3], [1, 1], [2, 2]],916,443,956,543
5576,0,1,132,[2, 1, 6, 5, 11, 10],[[2, 3], [3, 3], [1, 2], [1, 3], [1, 1], [2, 2]],901,476,956,543
5593,0,1,132,[2, 1, 6, 5, 11, 10],[[2, 3], [3, 3], [1, 2], [1, 3], [1, 1], [2, 2]],907,479,956,543
5609,0,1,132,[2, 1, 6, 5, 11, 10],[[2, 3], [3, 3], [1, 2], [1, 3], [1, 1], [2, 2]],905,494,956,543
5625,0,1,132,[2, 1, 6, 5, 11, 10],[[2, 3], [3, 3], [1, 2], [1, 3], [1, 1], [2, 2]],896,485,956,543
5642,0,1,132,[2, 1, 6, 5, 11, 10],[[2, 3], [3, 3], [1, 2], [1, 3], [1, 1], [2, 2]],886,489,956,543
5658,0,1,132,[2, 1, 6, 5, 11, 10],[[2, 3], [3, 3], [1, 2], [1, 3], [1, 1], [2, 2]],878,473,956,543
5675,0,1,132,[2, 1, 6, 5, 11, 10],[[2, 3], [3, 3], [1, 2], [1, 3], [1, 1], [2, 2]],879,473,956,543
5691,0,1,132,[2, 1, 6, 5, 11, 10],[[2, 3], [3, 3], [1, 2], [1, 3], [1, 1], [2, 2]],884,479,956,543
5707,0,1,132,[2, 1, 6, 5, 11, 10],[[2, 3], [3, 3], [1, 2], [1, 3], [1, 1], [2, 2]],878,469,956,543
5723,0,1,132,[2, 1, 6, 5, 11, 10],[[2, 3], [3, 3], [1, 2], [1, 3], [1, 1], [2, 2]],862,470,956,543
5739,0,1,132,[2, 1, 6, 5, 11, 10],[[2, 3], [3, 3], [1, 2], [1, 3], [1, 1], [2, 2]],866,497,956,543
5755,0,1,132,[2, 1, 6, 5, 11, 10],[[2, 3], [3, 3], [1, 2], [1, 3], [1, 1], [2, 2]],871,498,956,543
5771,0,1,132,[2, 1, 6, 5, 11, 10],[[2, 3], [3, 3], [1, 2], [1, 3], [1, 1], [2, 2]],871,494,956,543
5787,0,1,132,[2, 1, 6, 5, 11, 10],[[2, 3], [3, 3], [1, 2], [1, 3], [1, 1], [2, 2]],884,474,956,543
5804,0,1,132,[2, 1, 6, 5, 11, 10],[[2, 3], [3, 3], [1, 2], [1, 3], [1, 1], [2, 2]],885,450,956,543
5820,0,1,132,[2, 1, 6, 5, 11, 10],[[2, 3], [3, 3], [1, 2], [1, 3], [1, 1], [2, 2]],888,448,956,543
5837,0,1,132,[2, 1, 6, 5, 11, 10],[[2, 3], [3, 3], [1, 2], [1, 3], [1, 1], [2, 2]],883,467,956,543
5853,0,1,132,[2, 1, 6, 5, 11, 10],[[2, 3], [3, 3], [1, 2], [1, 3], [1, 1], [2, 2]],881,474,956,543
5869,0,1,132,[2, 1, 6, 5, 11, 10],[[2, 3], [3, 3], [1, 2], [1, 3], [1, 1], [2, 2]],868,478,956,543
5886,0,1,132,[2, 1, 6, 5, 11, 10],[[2, 3], [3, 3], [1, 2], [1, 3], [1, 1], [2, 2]],882,473,956,543
5902,0,1,132,[2, 1, 6, 5, 11, 10],[[2, 3], [3, 3], [1, 2], [1, 3], [1, 1], [2, 2]],892,459,956,543
5918,0,1,132,[2, 1, 6, 5, 11, 10],[[2, 3], [3, 3], [1, 2], [1, 3], [1, 1], [2, 2]],878,491,956,543
5934,0,1,132,[2, 1, 6, 5, 11, 10],[[2, 3], [3, 3], [1, 2], [1, 3], [1, 1], [2, 2]],864,465,956,543
5950,0,1,132,[2, 1, 6, 5, 11, 10],[[2, 3], [3, 3], [1, 2], [1, 3], [1, 1], [2, 2]],846,444,956,543
5967,0,1,132,[2, 1, 6, 5, 11, 10],[[2, 3], [3, 3], [1, 2], [1, 3], [1, 1], [2, 2]],851,446,956,543
5983,0,1,132,[2, 1, 6, 5, 11, 10],[[2, 3], [3, 3], [1, 2], [1, 3], [1, 1], [2, 2]],850,453,956,543
5999,0,1,132,[2, 1, 6, 5, 11, 10],[[2, 3], [3, 3], [1, 2], [1, 3], [1, 1], [2, 2]],854,439,956,543
6015,0,1,132,[2, 1, 6, 5, 11, 10],[[2, 3], [3, 3], [1, 2], [1, 3], [1, 1], [2, 2]],858,419,956,543
6031,0,1,132,[2, 1, 6, 5, 11, 10],[[2, 3], [3, 3], [1, 2], [1, 3], [1, 1], [2, 2]],844,438,956,543
6047,0,1,132,[2, 1, 6, 5, 11, 10],[[2, 3], [3, 3], [1, 2], [1, 3], [1, 1], [2, 2]],852,447,956,543
6063,0,1,132,[2, 1, 6, 5, 11, 10],[[2, 3], [3, 3], [1, 2], [1, 3], [1, 1], [2, 2]],865,457,956,543
6079,0,1,132,[2, 1, 6, 5, 11, 10],[[2, 3], [3, 3], [1, 2], [1, 3], [1, 1], [2, 2]],865,460,956,543
6095,0,1,132,[2, 1, 6, 5, 11, 10],[[2, 3], [3, 3], [1, 2], [1, 3], [1, 1], [2, 2]],864,449,956,543
6112,0,1,132,[2, 1, 6, 5, 11, 10],[[2, 3], [3, 3], [1, 2], [1, 3], [1, 1], [2, 2]],868,473,956,543
6128,0,1,132,[2, 1, 6, 5, 11, 10],[[2, 3], [3, 3], [1, 2], [1, 3], [1, 1], [2, 2]],862,470,956,543
6145,0,1,132,[2, 1, 6, 5, 11, 10],[[2, 3], [3, 3], [1, 2], [1, 3], [1, 1], [2, 2]],837,457,956,543
6162,0,1,132,[2, 1, 6, 5, 11, 10],[[2, 3], [3, 3], [1, 2], [1, 3], [1, 1], [2, 2]],841,440,956,543
6178,0,1,132,[2, 1, 6, 5, 11, 10],[[2, 3], [3, 3], [1, 2], [1, 3], [1, 1], [2, 2]],834,475,956,543
6195,0,1,132,[2, 1, 6, 5, 11, 10],[[2, 3], [3, 3], [1, 2], [1, 3], [1, 1], [2, 2]],825,463,956,543
6212,0,1,132,[2, 1, 6, 5, 11, 10],[[2, 3], [3, 3], [1, 2], [1, 3], [1, 1], [2, 2]],843,473,956,543
6228,0,1,132,[2, 1, 6, 5, 11, 10],[[2, 3], [3, 3], [1, 2], [1, 3], [1, 1], [2, 2]],841,482,956,543
6244,0,1,132,[2, 1, 6, 5, 11, 10],[[2, 3], [3, 3], [1, 2], [1, 3], [1, 1], [2, 2]],836,488,956,543
6260,0,1,132,[2, 1, 6, 5, 11, 10],[[2, 3], [3, 3], [1, 2], [1, 3], [1, 1], [2, 2]],825,483,956,543
6277,0,1,132,[2, 1, 6, 5, 11, 10],[[2, 3], [3, 3], [1, 2], [1, 3], [1, 1], [2, 2]],811,492,956,543
6293,0,1,132,[2, 1, 6, 5, 11, 10],[[2, 3], [3, 3], [1, 2], [1, 3], [1, 1], [2, 2]],782,495,956,543
6310,0,1,132,[2, 1, 6, 5, 11, 10],[[2, 3], [3, 3], [1, 2], [1, 3], [1, 1], [2, 2]],779,515,956,543
6326,0,1,132,[2, 1, 6, 5, 11, 10],[[2, 3], [3, 3], [1, 2], [1, 3], [1, 1], [2, 2]],780,509,956,543
6343,0,1,132,[2, 1, 6, 5, 11, 10],[[2, 3], [3, 3], [1, 2], [1, 3], [1, 1], [2, 2]],788,502,956,543
6360,0,1,132,[2, 1, 6, 5, 11, 10],[[2, 3], [3, 3], [1, 2], [1, 3], [1, 1], [2, 2]],794,495,956,543
6376,0,1,132,[2, 1, 6, 5, 11, 10],[[2, 3], [3, 3], [1, 2], [1, 3], [1, 1], [2, 2]],783,475,956,543
6392,0,1,132,[2, 1, 6, 5, 11, 10],[[2, 3], [3, 3], [1, 2], [1, 3], [1, 1], [2, 2]],801,470,956,543
6409,0,1,132,[2, 1, 6, 5, 11, 10],[[2, 3], [3, 3], [1, 2], [1, 3], [1, 1], [2, 2]],798,478,956,543
6426,0,1,132,[2, 1, 6, 5, 11, 10],[[2, 3], [3, 3], [1, 2], [1, 3], [1, 1], [2, 2]],789,485,956,543
6443,0,1,132,[2, 1, 6, 5, 11, 10],[[2, 3], [3, 3], [1, 2], [1, 3], [1, 1], [2, 2]],780,463,956,543
6460,0,1,132,[2, 1, 6, 5, 11, 10],[[2, 3], [3, 3], [1, 2], [1, 3], [1, 1], [2, 2]],775,478,956,543
6476,0,1,132,[2, 1, 6, 5, 11, 10],[[2, 3], [3, 3], [1, 2], [1, 3], [1, 1], [2, 2]],759,508,956,543
6493,0,1,132,[2, 1, 6, 5, 11, 10],[[2, 3], [3, 3], [1, 2], [1, 3], [1, 1], [2, 2]],759,488,956,543
6510,0,1,132,[2, 1, 6, 5, 11, 10],[[2, 3], [3, 3], [1, 2], [1, 3], [1, 1], [2, 2]],765,502,956,543
6526,0,1,132,[2, 1, 6, 5, 11, 10],[[2, 3], [3, 3], [1, 2], [1, 3], [1, 1], [2, 2]],733,491,956,543
6543,0,1,132,[2, 1, 6, 5, 11, 10],[[2, 3], [3, 3], [1, 2], [1, 3], [1, 1], [2, 2]],734,488,956,543
6560,0,1,132,[2, 1, 6, 5, 11, 10],[[2, 3], [3, 3], [1, 2], [1, 3], [1, 1], [2, 2]],730,479,956,543
6576,0,1,132,[2, 1, 6, 5, 11, 10],[[2, 3], [3, 3], [1, 2], [1, 3], [1, 1], [2, 2]],749,478,956,543
6593,0,1,132,[2, 1, 6, 5, 11, 10],[[2, 3], [3, 3], [1, 2], [1, 3], [1, 1], [2, 2]],758,484,956,543
6610,0,1,132,[2, 1, 6, 5, 11, 10],[[2, 3], [3, 3], [1, 2], [1, 3], [1, 1], [2, 2]],761,439,956,543
6626,0,1,132,[2, 1, 6, 5, 11, 10],[[2, 3], [3, 3], [1, 2], [1, 3], [1, 1], [2, 2]],740,440,956,543
6642,0,1,132,[2, 1, 6, 5, 11, 10],[[2, 3], [3, 3], [1, 2], [1, 3], [1, 1], [2, 2]],768,435,956,543
6659,0,1,132,[2, 1, 6, 5, 11, 10],[[2, 3], [3, 3], [1, 2], [1, 3], [1, 1], [2, 2]],769,460,956,543
6676,0,1,132,[2, 1, 6, 5, 11, 10],[[2, 3], [3, 3], [1, 2], [1, 3], [1, 1], [2, 2]],765,451,956,543
6692,0,1,132,[2, 1, 6, 5, 11, 10],[[2, 3], [3, 3], [1, 2], [1, 3], [1, 1], [2, 2]],751,452,956,543
6708,0,1,132,[2, 1, 6, 5, 11, 10],[[2, 3], [3, 3], [1, 2], [1, 3], [1, 1], [2, 2]],740,436,956,543
6724,0,1,132,[2, 1, 6, 5, 11, 10],[[2, 3], [3, 3], [1, 2], [1, 3], [1, 1], [2, 2]],743,434,956,543
6740,0,1,132,[2, 1, 6, 5, 11, 10],[[2, 3], [3, 3], [1, 2], [1, 3], [1, 1], [2, 2]],772,446,956,543
6756,0,1,132,[2, 1, 6, 5, 11, 10],[[2, 3], [3, 3], [1, 2], [1, 3], [1, 1], [2, 2]],793,461,956,543
6772,0,1,132,[2, 1, 6, 5, 11, 10],[[2, 3], [3, 3], [1, 2], [1, 3], [1, 1], [2, 2]],791,468,956,543
6788,0,1,132,[2, 1, 6, 5, 11, 10],[[2, 3], [3, 3], [1, 2], [1, 3], [1, 1], [2, 2]],776,480,956,543
6804,0,1,132,[2, 1, 6, 5, 11, 10],[[2, 3], [3, 3], [1, 2], [1, 3], [1, 1], [2, 2]],790,476,956,543
6820,0,1,132,[2, 1, 6, 5, 11, 10],[[2, 3], [3, 3], [1, 2], [1, 3], [1, 1], [2, 2]],777,434,956,543
6836,0,1,132,[2, 1, 6, 5, 11, 10],[[2, 3], [3, 3], [1, 2], [1, 3], [1, 1], [2, 2]],779,446,956,543
6852,0,1,132,[2, 1, 6, 5, 11, 10],[[2, 3], [3, 3], [1, 2], [1, 3], [1, 1], [2, 2]],769,431,956,543
6869,0,1,132,[2, 1, 6, 5, 11, 10],[[2, 3], [3, 3], [1, 2], [1, 3], [1, 1], [2, 2]],759,435,956,543
6885,0,1,132,[2, 1, 6, 5, 11, 10],[[2, 3], [3, 3], [1, 2], [1, 3], [1, 1], [2, 2]],762,415,956,543
6901,0,1,132,[2, 1, 6, 5, 11, 10],[[2, 3], [3, 3], [1, 2], [1, 3], [1, 1], [2, 2]],764,401,956,543
6917,0,1,132,[2, 1, 6, 5, 11, 10],[[2, 3], [3, 3], [1, 2], [1, 3], [1, 1], [2, 2]],744,391,956,543
6933,0,1,132,[2, 1, 6, 5, 11, 10],[[2, 3], [3, 3], [1, 2], [1, 3], [1, 1], [2, 2]],735,384,956,543
6950,0,1,132,[2, 1, 6, 5, 11, 10],[[2, 3], [3, 3], [1, 2], [1, 3], [1, 1], [2, 2]],701,392,956,543
6966,0,1,132,[2, 1, 6, 5, 11, 10],[[2, 3], [3, 3], [1, 2], [1, 3], [1, 1], [2, 2]],709,390,956,543
6983,0,1,132,[2, 1, 6, 5, 11, 10],[[2, 3], [3, 3], [1, 2], [1, 3], [1, 1], [2, 2]],688,398,956,543
6999,0,1,132,[2, 1, 6, 5, 11, 10],[[2, 3], [3, 3], [1, 2], [1, 3], [1, 1], [2, 2]],687,403,956,543
7015,0,1,132,[2, 1, 6, 5, 11, 10],[[2, 3], [3, 3], [1, 2], [1, 3], [1, 1], [2, 2]],685,411,956,543
7032,0,1,132,[2, 1, 6, 5, 11, 10],[[2, 3], [3, 3], [1, 2], [1, 3], [1, 1], [2, 2]],697,435,956,543
7049,0,1,132,[2, 1, 6, 5, 11, 10],[[2, 3], [3, 3], [1, 2], [1, 3], [1, 1], [2, 2]],688,416,956,543
7066,0,1,132,[2, 1, 6, 5, 11, 10],[[2, 3], [3, 3], [1, 2], [1, 3], [1, 1], [2, 2]],688,404,956,543
7083,0,1,132,[2, 1, 6, 5, 11, 10],[[2, 3], [3, 3], [1, 2], [1, 3], [1, 1], [2, 2]],682,408,956,543
7099,0,1,132,[2, 1, 6, 5, 11, 10],[[2, 3], [3, 3], [1, 2], [1, 3], [1, 1], [2, 2]],674,402,956,543
7116,0,1,132,[2, 1, 6, 5, 11, 10],[[2, 3], [3, 3], [1, 2], [1, 3], [1, 1], [2, 2]],695,385,956,543
7132,0,1,132,[2, 1, 6, 5, 11, 10],[[2, 3], [3, 3], [1, 2], [1, 3], [1, 1], [2, 2]],689,385,956,543
7148,0,1,132,[2, 1, 6, 5, 11, 10],[[2, 3], [3, 3], [1, 2], [1, 3], [1, 1], [2, 2]],653,389,956,543
7164,0,1,132,[2, 1, 6, 5, 11, 10],[[2, 3], [3, 3], [1, 2], [1, 3], [1, 1], [2, 2]],630,412,956,543
7180,0,1,132,[2, 1, 6, 5, 11, 10],[[2, 3], [3, 3], [1, 2], [1, 3], [1, 1], [2, 2]],649,411,956,543
7196,0,1,132,[2, 1, 6, 5, 11, 10],[[2, 3], [3, 3], [1, 2], [1, 3], [1, 1], [2, 2]],643,395,956,543
7212,0,1,132,[2, 1, 6, 5, 11, 10],[[2, 3], [3, 3], [1, 2], [1, 3], [1, 1], [2, 2]],642,398,956,543
7228,0,1,132,[2, 1, 6, 5, 11, 10],[[2, 3], [3, 3], [1, 2], [1, 3], [1, 1], [2, 2]],638,402,956,543
7244,0,1,132,[2, 1, 6, 5, 11, 10],[[2, 3], [3, 3], [1, 2], [1, 3], [1, 1], [2, 2]],621,419,956,543
7261,0,1,132,[2, 1, 6, 5, 11, 10],[[2, 3], [3, 3], [1, 2], [1, 3], [1, 1], [2, 2]],630,423,956,543
7278,0,1,132,[2, 1, 6, 5, 11, 10],[[2, 3], [3, 3], [1, 2], [1, 3], [1, 1], [2, 2]],616,429,956,543
7295,0,1,132,[2, 1, 6, 5, 11, 10],[[2, 3], [3, 3], [1, 2], [1, 3], [1, 1], [2, 2]],615,430,956,543
7312,0,1,132,[2, 1, 6, 5, 11, 10],[[2, 3], [3, 3], [1, 2], [1, 3], [1, 1], [2, 2]],611,448,956,543
7328,0,1,132,[2, 1, 6, 5, 11, 10],[[2, 3], [3, 3], [1, 2], [1, 3], [1, 1], [2, 2]],624,430,956,543
7360,0,1,132,[2, 1, 6, 5, 11, 10],[[2, 3], [3, 3], [1, 2], [1, 3], [1, 1], [2, 2]],615,429,956,543
7376,0,1,132,[2, 1, 6, 5, 11, 10],[[2, 3], [3, 3], [1, 2], [1, 3], [1, 1], [2, 2]],587,433,956,543
7392,0,1,132,[2, 1, 6, 5, 11, 10],[[2, 3], [3, 3], [1, 2], [1, 3], [1, 1], [2, 2]],574,445,956,543
7409,0,1,132,[2, 1, 6, 5, 11, 10],[[2, 3], [3, 3], [1, 2], [1, 3], [1, 1], [2, 2]],583,448,956,543
7426,0,1,132,[2, 1, 6, 5, 11, 10],[[2, 3], [3, 3], [1, 2], [1, 3], [1, 1], [2, 2]],592,448,956,543
7443,0,1,132,[2, 1, 6, 5, 11, 10],[[2, 3], [3, 3], [1, 2], [1, 3], [1, 1], [2, 2]],589,470,956,543
7460,0,1,132,[2, 1, 6, 5, 11, 10],[[2, 3], [3, 3], [1, 2], [1, 3], [1, 1], [2, 2]],610,460,956,543
7477,0,1,132,[2, 1, 6, 5, 11, 10],[[2, 3], [3, 3], [1, 2], [1, 3], [1, 1], [2, 2]],623,450,956,543
7493,0,1,132,[2, 1, 6, 5, 11, 10],[[2, 3], [3, 3], [1, 2], [1, 3], [1, 1], [2, 2]],639,443,956,543
7510,0,1,132,[2, 1, 6, 5, 11, 10],[[2, 3], [3, 3], [1, 2], [1, 3], [1, 1], [2, 2]],642,418,956,543
7527,0,1,132,[2, 1, 6, 5, 11, 10],[[2, 3], [3, 3], [1, 2], [1, 3], [1, 1], [2, 2]],639,422,956,543
7543,0,1,132,[2, 1, 6, 5, 11, 10],[[2, 3], [3, 3], [1, 2], [1, 3], [1, 1], [2, 2]],630,440,956,543
7559,0,1,132,[2, 1, 6, 5, 11, 10],[[2, 3], [3, 3], [1, 2], [1, 3], [1, 1], [2, 2]],632,418,956,543
7575,0,1,132,[2, 1, 6, 5, 11, 10],[[2, 3], [3, 3], [1, 2], [1, 3], [1, 1], [2, 2]],648,408,956,543
7591,0,1,132,[2, 1, 6, 5, 11, 10],[[2, 3], [3, 3], [1, 2], [1, 3], [1, 1], [2, 2]],659,407,956,543
7607,0,1,132,[2, 1, 6, 5, 11, 10],[[2, 3], [3, 3], [1, 2], [1, 3], [1, 1], [2, 2]],662,415,956,543
7623,0,1,132,[2, 1, 6, 5, 11, 10],[[2, 3], [3, 3], [1, 2], [1, 3], [1, 1], [2, 2]],664,419,956,543
7640,0,1,132,[2, 1, 6, 5, 11, 10],[[2, 3], [3, 3], [1, 2], [1, 3], [1, 1], [2, 2]],683,423,956,543
7656,0,1,132,[2, 1, 6, 5, 11, 10],[[2, 3], [3, 3], [1, 2], [1, 3], [1, 1], [2, 2]],691,439,956,543
7672,0,1,132,[2, 1, 6, 5, 11, 10],[[2, 3], [3, 3], [1, 2], [1, 3], [1, 1], [2, 2]],692,457,956,543
7688,0,1,132,[2, 1, 6, 5, 11, 10],[[2, 3], [3, 3], [1, 2], [1, 3], [1, 1], [2, 2]],698,449,956,543
7704,0,1,132,[2, 1, 6, 5, 11, 10],[[2, 3], [3, 3], [1, 2], [1, 3], [1, 1], [2, 2]],684,456,956,543
7720,0,1,132,[2, 1, 6, 5, 11, 10],[[2, 3], [3, 3], [1, 2], [1, 3], [1, 1], [2, 2]],693,435,956,543
7736,0,1,132,[2, 1, 6, 5, 11, 10],[[2, 3], [3, 3], [1, 2], [1, 3], [1, 1], [2, 2]],698,424,956,543
7752,0,1,132,[2, 1, 6, 5, 11, 10],[[2, 3], [3, 3], [1, 2], [1, 3], [1, 1], [2, 2]],708,415,956,543
7768,0,1,132,[2, 1, 6, 5, 11, 10],[[2, 3], [3, 3], [1, 2], [1, 3], [1, 1], [2, 2]],704,412,956,543
7785,0,1,132,[2, 1, 6, 5, 11, 10],[[2, 3], [3, 3], [1, 2], [1, 3], [1, 1], [2, 2]],734,417,956,543
7801,0,1,132,[2, 1, 6, 5, 11, 10],[[2, 3], [3, 3], [1, 2], [1, 3], [1, 1], [2, 2]],748,422,956,543
7817,0,1,132,[2, 1, 6, 5, 11, 10],[[2, 3], [3, 3], [1, 2], [1, 3], [1, 1], [2, 2]],763,445,956,543
7834,0,1,132,[2, 1, 6, 5, 11, 10],[[2, 3], [3, 3], [1, 2], [1, 3], [1, 1], [2, 2]],758,426,956,543
7850,0,1,132,[2, 1, 6, 5, 11, 10],[[2, 3], [3, 3], [1, 2], [1, 3], [1, 1], [2, 2]],737,420,956,543
7867,0,1,132,[2, 1, 6, 5, 11, 10],[[2, 3], [3, 3], [1, 2], [1, 3], [1, 1], [2, 2]],733,417,956,543
7883,0,1,132,[2, 1, 6, 5, 11, 10],[[2, 3], [3, 3], [1, 2], [1, 3], [1, 1], [2, 2]],740,425,956,543
7899,0,1,132,[2, 1, 6, 5, 11, 10],[[2, 3], [3, 3], [1, 2], [1, 3], [1, 1], [2, 2]],728,429,956,543
7915,0,1,132,[2, 1, 6, 5, 11, 10],[[2, 3], [3, 3], [1, 2], [1, 3], [1, 1], [2, 2]],723,438,956,543
7931,0,1,132,[2, 1, 6, 5, 11, 10],[[2, 3], [3, 3], [1, 2], [1, 3], [1, 1], [2, 2]],701,456,956,543
7948,0,1,132,[2, 1, 6, 5, 11, 10],[[2, 3], [3, 3], [1, 2], [1, 3], [1, 1], [2, 2]],704,430,956,543
7963,0,1,132,[2, 1, 6, 5, 11, 10],[[2, 3], [3, 3], [1, 2], [1, 3], [1, 1], [2, 2]],712,453,956,543
7979,0,1,132,[2, 1, 6, 5, 11, 10],[[2, 3], [3, 3], [1, 2], [1, 3], [1, 1], [2, 2]],692,424,956,543
7996,0,1,132,[2, 1, 6, 5, 11, 10],[[2, 3], [3, 3], [1, 2], [1, 3], [1, 1], [2, 2]],701,439,956,543
8012,0,1,132,[2, 1, 6, 5, 11, 10],[[2, 3], [3, 3], [1, 2], [1, 3], [1, 1], [2, 2]],668,458,956,543
8028,0,1,132,[2, 1, 6, 5, 11, 10],[[2, 3], [3, 3], [1, 2], [1, 3], [1, 1], [2, 2]],648,447,956,543
8045,0,1,132,[2, 1, 6, 5, 11, 10],[[2, 3], [3, 3], [1, 2], [1, 3], [1, 1], [2, 2]],659,456,956,543
8061,0,1,132,[2, 1, 6, 5, 11, 10],[[2, 3], [3, 3], [1, 2], [1, 3], [1, 1], [2, 2]],660,458,956,543
8077,0,1,132,[2, 1, 6, 5, 11, 10],[[2, 3], [3, 3], [1, 2], [1, 3], [1, 1], [2, 2]],646,454,956,543
8094,0,1,132,[2, 1, 6, 5, 11, 10],[[2, 3], [3, 3], [1, 2], [1, 3], [1, 1], [2, 2]],644,454,956,543
8111,0,1,132,[2, 1, 6, 5, 11, 10],[[2, 3], [3, 3], [1, 2], [1, 3], [1, 1], [2, 2]],638,436,956,543
8128,0,1,132,[2, 1, 6, 5, 11, 10],[[2, 3], [3, 3], [1, 2], [1, 3], [1, 1], [2, 2]],653,399,956,543
8145,0,1,132,[2, 1, 6, 5, 11, 10],[[2, 3], [3, 3], [1, 2], [1, 3], [1, 1], [2, 2]],632,402,956,543
8161,0,1,132,[2, 1, 6, 5, 11, 10],[[2, 3], [3, 3], [1, 2], [1, 3], [1, 1], [2, 2]],652,400,956,543
8177,0,1,132,[2, 1, 6, 5, 11, 10],[[2, 3], [3, 3], [1, 2], [1, 3], [1, 1], [2, 2]],632,394,956,543
8194,0,1,132,[2, 1, 6, 5, 11, 10],[[2, 3], [3, 3], [1, 2], [1, 3], [1, 1], [2, 2]],643,386,956,543
8210,0,1,132,[2, 1, 6, 5, 11, 10],[[2, 3], [3, 3], [1, 2], [1, 3], [1, 1], [2, 2]],641,406,956,543
8227,0,1,132,[2, 1, 6, 5, 11, 10],[[2, 3], [3, 3], [1, 2], [1, 3], [1, 1], [2, 2]],637,403,956,543
8244,0,1,132,[2, 1, 6, 5, 11, 10],[[2, 3], [3, 3], [1, 2], [1, 3], [1, 1], [2, 2]],612,407,956,543
8260,0,1,132,[2, 1, 6, 5, 11, 10],[[2, 3], [3, 3], [1, 2], [1, 3], [1, 1], [2, 2]],605,407,956,543
8277,0,1,132,[2, 1, 6, 5, 11, 10],[[2, 3], [3, 3], [1, 2], [1, 3], [1, 1], [2, 2]],586,394,956,543
8294,0,1,132,[2, 1, 6, 5, 11, 10],[[2, 3], [3, 3], [1, 2], [1, 3], [1, 1], [2, 2]],583,363,956,543
8311,0,1,132,[2, 1, 6, 5, 11, 10],[[2, 3], [3, 3], [1, 2], [1, 3], [1, 1], [2, 2]],580,379,956,543
8328,0,1,132,[2, 1, 6, 5, 11, 10],[[2, 3], [3, 3], [1, 2], [1, 3], [1, 1], [2, 2]],591,379,956,543
8345,0,1,132,[2, 1, 6, 5, 11, 10],[[2, 3], [3, 3], [1, 2], [1, 3], [1, 1], [2, 2]],580,385,956,543
8361,0,1,132,[2, 1, 6, 5, 11, 10],[[2, 3], [3, 3], [1, 2], [1, 3], [1, 1], [2, 2]],591,388,956,543
8377,0,1,132,[2, 1, 6, 5, 11, 10],[[2, 3], [3, 3], [1, 2], [1, 3], [1, 1], [2, 2]],574,387,956,543
8394,0,1,132,[2, 1, 6, 5, 11, 10],[[2, 3], [3, 3], [1, 2], [1, 3], [1, 1], [2, 2]],563,395,956,543
8412,0,1,132,[2, 1, 6, 5, 11, 10],[[2, 3], [3, 3], [1, 2], [1, 3], [1, 1], [2, 2]],570,398,956,543
8428,0,1,132,[2, 1, 6, 5, 11, 10],[[2, 3], [3, 3], [1, 2], [1, 3], [1, 1], [2, 2]],560,400,956,543
8445,0,1,132,[2, 1, 6, 5, 11, 10],[[2, 3], [3, 3], [1, 2], [1, 3], [1, 1], [2, 2]],589,395,956,543
8462,0,1,132,[2, 1, 6, 5, 11, 10],[[2, 3], [3, 3], [1, 2], [1, 3], [1, 1], [2, 2]],584,403,956,543
8479,0,1,132,[2, 1, 6, 5, 11, 10],[[2, 3], [3, 3], [1, 2], [1, 3], [1, 1], [2, 2]],603,410,956,543
8495,0,1,132,[2, 1, 6, 5, 11, 10],[[2, 3], [3, 3], [1, 2], [1, 3], [1, 1], [2, 2]],603,428,956,543
8513,0,1,132,[2, 1, 6, 5, 11, 10],[[2, 3], [3, 3], [1, 2], [1, 3], [1, 1], [2, 2]],581,413,956,543
8529,0,1,132,[2, 1, 6, 5, 11, 10],[[2, 3], [3, 3], [1, 2], [1, 3], [1, 1], [2, 2]],576,415,956,543
8546,0,1,132,[2, 1, 6, 5, 11, 10],[[2, 3], [3, 3], [1, 2], [1, 3], [1, 1], [2, 2]],574,424,956,543
8562,0,1,132,[2, 1, 6, 5, 11, 10],[[2, 3], [3, 3], [1, 2], [1, 3], [1, 1], [2, 2]],578,455,956,543
8579,0,1,132,[2, 1, 6, 5, 11, 10],[[2, 3], [3, 3], [1, 2], [1, 3], [1, 1], [2, 2]],587,429,956,543
8595,0,1,132,[2, 1, 6, 5, 11, 10],[[2, 3], [3, 3], [1, 2], [1, 3], [1, 1], [2, 2]],564,444,956,543
8612,0,1,132,[2, 1, 6, 5, 11, 10],[[2, 3], [3, 3], [1, 2], [1, 3], [1, 1], [2, 2]],581,440,956,543
8628,0,1,132,[2, 1, 6, 5, 11, 10],[[2, 3], [3, 3], [1, 2], [1, 3], [1, 1], [2, 2]],579,446,956,543
8644,0,1,132,[2, 1, 6, 5, 11, 10],[[2, 3], [3, 3], [1, 2], [1, 3], [1, 1], [2, 2]],576,457,956,543
8661,0,1,132,[2, 1, 6, 5, 11, 10],[[2, 3], [3, 3], [1, 2], [1, 3], [1, 1], [2, 2]],565,454,956,543
8678,0,1,132,[2, 1, 6, 5, 11, 10],[[2, 3], [3, 3], [1, 2], [1, 3], [1, 1], [2, 2]],544,452,956,543
8695,0,1,132,[2, 1, 6, 5, 11, 10],[[2, 3], [3, 3], [1, 2], [1, 3], [1, 1], [2, 2]],577,441,956,543
8712,0,1,132,[2, 1, 6, 5, 11, 10],[[2, 3], [3, 3], [1, 2], [1, 3], [1, 1], [2, 2]],567,411,956,543
8729,0,1,132,[2, 1, 6, 5, 11, 10],[[2, 3], [3, 3], [1, 2], [1, 3], [1, 1], [2, 2]],570,413,956,543
8745,0,1,132,[2, 1, 6, 5, 11, 10],[[2, 3], [3, 3], [1, 2], [1, 3], [1, 1], [2, 2]],576,391,956,543
8762,0,1,132,[2, 1, 6, 5, 11, 10],[[2, 3], [3, 3], [1, 2], [1, 3], [1, 1], [2, 2]],574,417,956,543
8778,0,2,76,[2, 1, 6, 5, 7, 9],[[1, 3], [2, 3], [1, 1], [1, 2], [2, 2], [3, 1]],584,437,956,543
8795,0,2,76,[2, 1, 6, 5, 7, 9],[[1, 3], [2, 3], [1, 1], [1, 2], [2, 2], [3, 1]],592,436,956,543
8811,0,2,76,[2, 1, 6, 5, 7, 9],[[1, 3], [2, 3], [1, 1], [1, 2], [2, 2], [3, 1]],575,444,956,543
8828,0,2,76,[2, 1, 6, 5, 7, 9],[[1, 3], [2, 3], [1, 1], [1, 2], [2, 2], [3, 1]],561,442,956,543
8845,0,2,76,[2, 1, 6, 5, 7, 9],[[1, 3], [2, 3], [1, 1], [1, 2], [2, 2], [3, 1]],571,422,956,543
8862,0,2,76,[2, 1, 6, 5, 7, 9],[[1, 3], [2, 3], [1, 1], [1, 2], [2, 2], [3, 1]],568,442,956,543
8878,0,2,76,[2, 1, 6, 5, 7, 9],[[1, 3], [2, 3], [1, 1], [1, 2], [2, 2], [3, 1]],578,429,956,543
8895,0,2,76,[2, 1, 6, 5, 7, 9],[[1, 3], [2, 3], [1, 1], [1, 2], [2, 2], [3, 1]],581,432,956,543
8912,0,2,76,[2, 1, 6, 5, 7, 9],[[1, 3], [2, 3], [1, 1], [1, 2], [2, 2], [3, 1]],566,445,956,543
8928,0,2,76,[2, 1, 6, 5, 7, 9],[[1, 3], [2, 3], [1, 1], [1, 2], [2, 2], [3, 1]],571,443,956,543
8945,0,2,76,[2, 1, 6, 5, 7, 9],[[1, 3], [2, 3], [1, 1], [1, 2], [2, 2], [3, 1]],558,436,956,543
8962,0,2,76,[2, 1, 6, 5, 7, 9],[[1, 3], [2, 3], [1, 1], [1, 2], [2, 2], [3, 1]],605,444,956,543
8978,0,2,76,[2, 1, 6, 5, 7, 9],[[1, 3], [2, 3], [1, 1], [1, 2], [2, 2], [3, 1]],607,440,956,543
8995,0,2,76,[2, 1, 6, 5, 7, 9],[[1, 3], [2, 3], [1, 1], [1, 2], [2, 2], [3, 1]],611,440,956,543
9012,0,2,76,[2, 1, 6, 5, 7, 9],[[1, 3], [2, 3], [1, 1], [1, 2], [2, 2], [3, 1]],623,431,956,543
9028,0,2,76,[2, 1, 6, 5, 7, 9],[[1, 3], [2, 3], [1, 1], [1, 2], [2, 2], [3, 1]],611,439,956,543
9045,0,2,76,[2, 1, 6, 5, 7, 9],[[1, 3], [2, 3], [1, 1], [1, 2], [2, 2], [3, 1]],595,439,956,543
9061,0,2,76,[2, 1, 6, 5, 7, 9],[[1, 3], [2, 3], [1, 1], [1, 2], [2, 2], [3, 1]],583,433,956,543
9078,0,2,76,[2, 1, 6, 5, 7, 9],[[1, 3], [2, 3], [1, 1], [1, 2], [2, 2], [3, 1]],588,424,956,543
9095,0,2,76,[2, 1, 6, 5, 7, 9],[[1, 3], [2, 3], [1, 1], [1, 2], [2, 2], [3, 1]],606,424,956,543
9111,0,2,76,[2, 1, 6, 5, 7, 9],[[1, 3], [2, 3], [1, 1], [1, 2], [2, 2], [3, 1]],611,439,956,543
9127,0,2,76,[2, 1, 6, 5, 7, 9],[[1, 3], [2, 3], [1, 1], [1, 2], [2, 2], [3, 1]],623,439,956,543
9143,0,2,76,[2, 1, 6, 5, 7, 9],[[1, 3], [2, 3], [1, 1], [1, 2], [2, 2], [3, 1]],625,437,956,543
9159,0,2,76,[2, 1, 6, 5, 7, 9],[[1, 3], [2, 3], [1, 1], [1, 2], [2, 2], [3, 1]],618,441,956,543
9175,0,2,76,[2, 1, 6, 5, 7, 9],[[1, 3], [2, 3], [1, 1], [1, 2], [2, 2], [3, 1]],618,446,956,543
9191,0,2,76,[2, 1, 6, 5, 7, 9],[[1, 3], [2, 3], [1, 1], [1, 2], [2, 2], [3, 1]],611,467,956,543
9207,0,2,76,[2, 1, 6, 5, 7, 9],[[1, 3], [2, 3], [1, 1], [1, 2], [2, 2], [3, 1]],607,458,956,543
9223,0,2,76,[2, 1, 6, 5, 7, 9],[[1, 3], [2, 3], [1, 1], [1, 2], [2, 2], [3, 1]],622,442,956,543
9239,0,2,76,[2, 1, 6, 5, 7, 9],[[1, 3], [2, 3], [1, 1], [1, 2], [2, 2], [3, 1]],619,444,956,543
9255,0,2,76,[2, 1, 6, 5, 7, 9],[[1, 3], [2, 3], [1, 1], [1, 2], [2, 2], [3, 1]],609,435,956,543
9271,0,2,76,[2, 1, 6, 5, 7, 9],[[1, 3], [2, 3], [1, 1], [1, 2], [2, 2], [3, 1]],618,442,956,543
9287,0,2,76,[2, 1, 6, 5, 7, 9],[[1, 3], [2, 3], [1, 1], [1, 2], [2, 2], [3, 1]],591,457,956,543
9303,0,2,76,[2, 1, 6, 5, 7, 9],[[1, 3], [2, 3], [1, 1], [1, 2], [2, 2], [3, 1]],596,483,956,543
9319,0,2,76,[2, 1, 6, 5, 7, 9],[[1, 3], [2, 3], [1, 1], [1, 2], [2, 2], [3, 1]],625,476,956,543
9335,0,2,76,[2, 1, 6, 5, 7, 9],[[1, 3], [2, 3], [1, 1], [1, 2], [2, 2], [3, 1]],596,482,956,543
9351,0,2,76,[2, 1, 6, 5, 7, 9],[[1, 3], [2, 3], [1, 1], [1, 2], [2, 2], [3, 1]],588,484,956,543
9367,0,2,76,[2, 1, 6, 5, 7, 9],[[1, 3], [2, 3], [1, 1], [1, 2], [2, 2], [3, 1]],595,492,956,543
9383,0,2,76,[2, 1, 6, 5, 7, 9],[[1, 3], [2, 3], [1, 1], [1, 2], [2, 2], [3, 1]],596,489,956,543
9399,0,2,76,[2, 1, 6, 5, 7, 9],[[1, 3], [2, 3], [1, 1], [1, 2], [2, 2], [3, 1]],601,471,956,543
9415,0,2,76,[2, 1, 6, 5, 7, 9],[[1, 3], [2, 3], [1, 1], [1, 2], [2, 2], [3, 1]],566,439,956,543
9431,0,2,76,[2, 1, 6, 5, 7, 9],[[1, 3], [2, 3], [1, 1], [1, 2], [2, 2], [3, 1]],546,412,956,543
9447,0,2,76,[2, 1, 6, 5, 7, 9],[[1, 3], [2, 3], [1, 1], [1, 2], [2, 2], [3, 1]],547,431,956,543
9463,0,2,76,[2, 1, 6, 5, 7, 9],[[1, 3], [2, 3], [1, 1], [1, 2], [2, 2], [3, 1]],542,452,956,543
9479,0,2,76,[2, 1, 6, 5, 7, 9],[[1, 3], [2, 3], [1, 1], [1, 2], [2, 2], [3, 1]],561,443,956,543
9495,0,2,76,[2, 1, 6, 5, 7, 9],[[1, 3], [2, 3], [1, 1], [1, 2], [2, 2], [3, 1]],563,438,956,543
9512,0,2,76,[2, 1, 6, 5, 7, 9],[[1, 3], [2, 3], [1, 1], [1, 2], [2, 2], [3, 1]],536,408,956,543
9529,0,2,76,[2, 1, 6, 5, 7, 9],[[1, 3], [2, 3], [1, 1], [1, 2], [2, 2], [3, 1]],565,428,956,543
9546,0,2,76,[2, 1, 6, 5, 7, 9],[[1, 3], [2, 3], [1, 1], [1, 2], [2, 2], [3, 1]],551,437,956,543
9562,0,2,76,[2, 1, 6, 5, 7, 9],[[1, 3], [2, 3], [1, 1], [1, 2], [2, 2], [3, 1]],547,423,956,543
9578,0,2,76,[2, 1, 6, 5, 7, 9],[[1, 3], [2, 3], [1, 1], [1, 2], [2, 2], [3, 1]],552,416,956,543
9594,0,2,76,[2, 1, 6, 5, 7, 9],[[1, 3], [2, 3], [1, 1], [1, 2], [2, 2], [3, 1]],581,395,956,543
9611,0,2,76,[2, 1, 6, 5, 7, 9],[[1, 3], [2, 3], [1, 1], [1, 2], [2, 2], [3, 1]],573,385,956,543
9628,0,2,76,[2, 1, 6, 5, 7, 9],[[1, 3], [2, 3], [1, 1], [1, 2], [2, 2], [3, 1]],559,382,956,543
9644,0,2,76,[2, 1, 6, 5, 7, 9],[[1, 3], [2, 3], [1, 1], [1, 2], [2, 2], [3, 1]],561,362,956,543
9661,0,2,76,[2, 1, 6, 5, 7, 9],[[1, 3], [2, 3], [1, 1], [1, 2], [2, 2], [3, 1]],579,376,956,543
9678,0,2,76,[2, 1, 6, 5, 7, 9],[[1, 3], [2, 3], [1, 1], [1, 2], [2, 2], [3, 1]],558,378,956,543
9694,0,2,76,[2, 1, 6, 5, 7, 9],[[1, 3], [2, 3], [1, 1], [1, 2], [2, 2], [3, 1]],536,371,956,543
9710,0,2,76,[2, 1, 6, 5, 7, 9],[[1, 3], [2, 3], [1, 1], [1, 2], [2, 2], [3, 1]],584,390,956,543
9727,0,2,76,[2, 1, 6, 5, 7, 9],[[1, 3], [2, 3], [1, 1], [1, 2], [2, 2], [3, 1]],576,372,956,543
9743,0,2,76,[2, 1, 6, 5, 7, 9],[[1, 3], [2, 3], [1, 1], [1, 2], [2, 2], [3, 1]],544,406,956,543
9759,0,2,76,[2, 1, 6, 5, 7, 9],[[1, 3], [2, 3], [1, 1], [1, 2], [2, 2], [3, 1]],572,397,956,543
9775,0,2,76,[2, 1, 6, 5, 7, 9],[[1, 3], [2, 3], [1, 1], [1, 2], [2, 2], [3, 1]],604,407,956,543
9791,0,2,76,[2, 1, 6, 5, 7, 9],[[1, 3], [2, 3], [1, 1], [1, 2], [2, 2], [3, 1]],603,399,956,543
9807,0,2,76,[2, 1, 6, 5, 7, 9],[[1, 3], [2, 3], [1, 1], [1, 2], [2, 2], [3, 1]],621,390,956,543
9824,0,2,76,[2, 1, 6, 5, 7, 9],[[1, 3], [2, 3], [1, 1], [1, 2], [2, 2], [3, 1]],622,419,956,543
9840,0,2,76,[2, 1, 6, 5, 7, 9],[[1, 3], [2, 3], [1, 1], [1, 2], [2, 2], [3, 1]],613,437,956,543
9856,0,2,76,[2, 1, 6, 5, 7, 9],[[1, 3], [2, 3], [1, 1], [1, 2], [2, 2], [3, 1]],614,468,956,543
9872,0,2,76,[2, 1, 6, 5, 7, 9],[[1, 3], [2, 3], [1, 1], [1, 2], [2, 2], [3, 1]],622,458,956,543
9888,0,2,76,[2, 1, 6, 5, 7, 9],[[1, 3], [2, 3], [1, 1], [1, 2], [2, 2], [3, 1]],608,493,956,543
9904,0,2,76,[2, 1, 6, 5, 7, 9],[[1, 3], [2, 3], [1, 1], [1, 2], [2, 2], [3, 1]],613,483,956,543
9921,0,2,76,[2, 1, 6, 5, 7, 9],[[1, 3], [2, 3], [1, 1], [1, 2], [2, 2], [3, 1]],599,483,956,543
9937,0,2,76,[2, 1, 6, 5, 7, 9],[[1, 3], [2, 3], [1, 1], [1, 2], [2, 2], [3, 1]],611,496,956,543
9953,0,2,76,[2, 1, 6, 5, 7, 9],[[1, 3], [2, 3], [1, 1], [1, 2], [2, 2], [3, 1]],638,498,956,543
9969,0,2,76,[2, 1, 6, 5, 7, 9],[[1, 3], [2, 3], [1, 1], [1, 2], [2, 2], [3, 1]],632,500,956,543
9985,0,2,76,[2, 1, 6, 5, 7, 9],[[1, 3], [2, 3], [1, 1], [1, 2], [2, 2], [3, 1]],637,497,956,543
10001,0,2,76,[2, 1, 6, 5, 7, 9],[[1, 3], [2, 3], [1, 1], [1, 2], [2, 2], [3, 1]],648,475,956,543
10017,0,2,76,[2, 1, 6, 5, 7, 9],[[1, 3], [2, 3], [1, 1], [1, 2], [2, 2], [3, 1]],635,479,956,543
10033,0,2,76,[2, 1, 6, 5, 7, 9],[[1, 3], [2, 3], [1, 1], [1, 2], [2, 2], [3, 1]],644,477,956,543
10052,0,2,76,[2, 1, 6, 5, 7, 9],[[1, 3], [2, 3], [1, 1], [1, 2], [2, 2], [3, 1]],628,475,956,543
10068,0,2,76,[2, 1, 6, 5, 7, 9],[[1, 3], [2, 3], [1, 1], [1, 2], [2, 2], [3, 1]],633,461,956,543
10084,0,2,76,[2, 1, 6, 5, 7, 9],[[1, 3], [2, 3], [1, 1], [1, 2], [2, 2], [3, 1]],635,497,956,543
10101,0,2,76,[2, 1, 6, 5, 7, 9],[[1, 3], [2, 3], [1, 1], [1, 2], [2, 2], [3, 1]],650,527,956,543
10117,0,2,76,[2, 1, 6, 5, 7, 9],[[1, 3], [2, 3], [1, 1], [1, 2], [2, 2], [3, 1]],635,510,956,543
10133,0,2,76,[2, 1, 6, 5, 7, 9],[[1, 3], [2, 3], [1, 1], [1, 2], [2, 2], [3, 1]],633,512,956,543
10150,0,2,76,[2, 1, 6, 5, 7, 9],[[1, 3], [2, 3], [1, 1], [1, 2], [2, 2], [3, 1]],637,511,956,543
10166,0,2,76,[2, 1, 6, 5, 7, 9],[[1, 3], [2, 3], [1, 1], [1, 2], [2, 2], [3, 1]],630,520,956,543
10182,0,2,76,[2, 1, 6, 5, 7, 9],[[1, 3], [2, 3], [1, 1], [1, 2], [2, 2], [3, 1]],631,525,956,543
10198,0,2,76,[2, 1, 6, 5, 7, 9],[[1, 3], [2, 3], [1, 1], [1, 2], [2, 2], [3, 1]],624,511,956,543
10214,0,2,76,[2, 1, 6, 5, 7, 9],[[1, 3], [2, 3], [1, 1], [1, 2], [2, 2], [3, 1]],622,529,956,543
10230,0,2,76,[2, 1, 6, 5, 7, 9],[[1, 3], [2, 3], [1, 1], [1, 2], [2, 2], [3, 1]],639,529,956,543
10246,0,2,76,[2, 1, 6, 5, 7, 9],[[1, 3], [2, 3], [1, 1], [1, 2], [2, 2], [3, 1]],640,511,956,543
10263,0,2,76,[2, 1, 6, 5, 7, 9],[[1, 3], [2, 3], [1, 1], [1, 2], [2, 2], [3, 1]],633,511,956,543
10279,0,2,76,[2, 1, 6, 5, 7, 9],[[1, 3], [2, 3], [1, 1], [1, 2], [2, 2], [3, 1]],633,486,956,543
10295,0,2,76,[2, 1, 6, 5, 7, 9],[[1, 3], [2, 3], [1, 1], [1, 2], [2, 2], [3, 1]],647,469,956,543
10312,0,2,76,[2, 1, 6, 5, 7, 9],[[1, 3], [2, 3], [1, 1], [1, 2], [2, 2], [3, 1]],655,482,956,543
10328,0,2,76,[2, 1, 6, 5, 7, 9],[[1, 3], [2, 3], [1, 1], [1, 2], [2, 2], [3, 1]],660,486,956,543
10344,0,2,76,[2, 1, 6, 5, 7, 9],[[1, 3], [2, 3], [1, 1], [1, 2], [2, 2], [3, 1]],644,475,956,543
10360,0,2,76,[2, 1, 6, 5, 7, 9],[[1, 3], [2, 3], [1, 1], [1, 2], [2, 2], [3, 1]],634,478,956,543
10376,0,2,76,[2, 1, 6, 5, 7, 9],[[1, 3], [2, 3], [1, 1], [1, 2], [2, 2], [3, 1]],631,497,956,543
10392,0,2,76,[2, 1, 6, 5, 7, 9],[[1, 3], [2, 3], [1, 1], [1, 2], [2, 2], [3, 1]],646,492,956,543
10408,0,2,76,[2, 1, 6, 5, 7, 9],[[1, 3], [2, 3], [1, 1], [1, 2], [2, 2], [3, 1]],646,480,956,543
10424,0,2,76,[2, 1, 6, 5, 7, 9],[[1, 3], [2, 3], [1, 1], [1, 2], [2, 2], [3, 1]],658,489,956,543
10440,0,2,76,[2, 1, 6, 5, 7, 9],[[1, 3], [2, 3], [1, 1], [1, 2], [2, 2], [3, 1]],654,492,956,543
10456,0,2,76,[2, 1, 6, 5, 7, 9],[[1, 3], [2, 3], [1, 1], [1, 2], [2, 2], [3, 1]],663,511,956,543
10472,0,2,76,[2, 1, 6, 5, 7, 9],[[1, 3], [2, 3], [1, 1], [1, 2], [2, 2], [3, 1]],678,521,956,543
10488,0,2,76,[2, 1, 6, 5, 7, 9],[[1, 3], [2, 3], [1, 1], [1, 2], [2, 2], [3, 1]],668,531,956,543
10504,0,2,76,[2, 1, 6, 5, 7, 9],[[1, 3], [2, 3], [1, 1], [1, 2], [2, 2], [3, 1]],687,536,956,543
10521,0,2,76,[2, 1, 6, 5, 7, 9],[[1, 3], [2, 3], [1, 1], [1, 2], [2, 2], [3, 1]],658,528,956,543
10537,0,2,76,[2, 1, 6, 5, 7, 9],[[1, 3], [2, 3], [1, 1], [1, 2], [2, 2], [3, 1]],638,524,956,543
10553,0,2,76,[2, 1, 6, 5, 7, 9],[[1, 3], [2, 3], [1, 1], [1, 2], [2, 2], [3, 1]],633,529,956,543
10569,0,2,76,[2, 1, 6, 5, 7, 9],[[1, 3], [2, 3], [1, 1], [1, 2], [2, 2], [3, 1]],631,532,956,543
10585,0,2,76,[2, 1, 6, 5, 7, 9],[[1, 3], [2, 3], [1, 1], [1, 2], [2, 2], [3, 1]],604,510,956,543
10601,0,2,76,[2, 1, 6, 5, 7, 9],[[1, 3], [2, 3], [1, 1], [1, 2], [2, 2], [3, 1]],607,510,956,543
10617,0,2,76,[2, 1, 6, 5, 7, 9],[[1, 3], [2, 3], [1, 1], [1, 2], [2, 2], [3, 1]],592,511,956,543
10633,0,2,76,[2, 1, 6, 5, 7, 9],[[1, 3], [2, 3], [1, 1], [1, 2], [2, 2], [3, 1]],587,519,956,543
10649,0,2,76,[2, 1, 6, 5, 7, 9],[[1, 3], [2, 3], [1, 1], [1, 2], [2, 2], [3, 1]],601,495,956,543
10665,0,2,76,[2, 1, 6, 5, 7, 9],[[1, 3], [2, 3], [1, 1], [1, 2], [2, 2], [3, 1]],595,478,956,543
10682,0,2,76,[2, 1, 6, 5, 7, 9],[[1, 3], [2, 3], [1, 1], [1, 2], [2, 2], [3, 1]],584,479,956,543
10699,0,2,76,[2, 1, 6, 5, 7, 9],[[1, 3], [2, 3], [1, 1], [1, 2], [2, 2], [3, 1]],563,480,956,543
10716,0,2,76,[2, 1, 6, 5, 7, 9],[[1, 3], [2, 3], [1, 1], [1, 2], [2, 2], [3, 1]],583,478,956,543
10732,0,2,76,[2, 1, 6, 5, 7, 9],[[1, 3], [2, 3], [1, 1], [1, 2], [2, 2], [3, 1]],593,489,956,543
10748,0,2,76,[2, 1, 6, 5, 7, 9],[[1, 3], [2, 3], [1, 1], [1, 2], [2, 2], [3, 1]],602,470,956,543
10764,0,2,76,[2, 1, 6, 5, 7, 9],[[1, 3], [2, 3], [1, 1], [1, 2], [2, 2], [3, 1]],596,461,956,543
10780,0,2,76,[2, 1, 6, 5, 7, 9],[[1, 3], [2, 3], [1, 1], [1, 2], [2, 2], [3, 1]],598,457,956,543
10797,0,2,76,[2, 1, 6, 5, 7, 9],[[1, 3], [2, 3], [1, 1], [1, 2], [2, 2], [3, 1]],601,433,956,543
10813,0,2,76,[2, 1, 6, 5, 7, 9],[[1, 3], [2, 3], [1, 1], [1, 2], [2, 2], [3, 1]],610,444,956,543
10829,0,2,76,[2, 1, 6, 5, 7, 9],[[1, 3], [2, 3], [1, 1], [1, 2], [2, 2], [3, 1]],618,458,956,543
10846,0,2,76,[2, 1, 6, 5, 7, 9],[[1, 3], [2, 3], [1, 1], [1, 2], [2, 2], [3, 1]],606,459,956,543
10862,0,2,76,[2, 1, 6, 5, 7, 9],[[1, 3], [2, 3], [1, 1], [1, 2], [2, 2], [3, 1]],619,440,956,543
10879,0,2,76,[2, 1, 6, 5, 7, 9],[[1, 3], [2, 3], [1, 1], [1, 2], [2, 2], [3, 1]],585,434,956,543
10896,0,2,76,[2, 1, 6, 5, 7, 9],[[1, 3], [2, 3], [1, 1], [1, 2], [2, 2], [3, 1]],596,440,956,543
10912,0,2,76,[2, 1, 6, 5, 7, 9],[[1, 3], [2, 3], [1, 1], [1, 2], [2, 2], [3, 1]],623,421,956,543
10929,0,2,76,[2, 1, 6, 5, 7, 9],[[1, 3], [2, 3], [1, 1], [1, 2], [2, 2], [3, 1]],633,428,956,543
10946,0,2,76,[2, 1, 6, 5, 7, 9],[[1, 3], [2, 3], [1, 1], [1, 2], [2, 2], [3, 1]],632,421,956,543
10962,0,2,76,[2, 1, 6, 5, 7, 9],[[1, 3], [2, 3], [1, 1], [1, 2], [2, 2], [3, 1]],631,393,956,543
10979,0,2,76,[2, 1, 6, 5, 7, 9],[[1, 3], [2, 3], [1, 1], [1, 2], [2, 2], [3, 1]],623,383,956,543
10995,0,2,76,[2, 1, 6, 5, 7, 9],[[1, 3], [2, 3], [1, 1], [1, 2], [2, 2], [3, 1]],634,359,956,543
11012,0,2,76,[2, 1, 6, 5, 7, 9],[[1, 3], [2, 3], [1, 1], [1, 2], [2, 2], [3, 1]],611,358,956,543
11028,0,2,76,[2, 1, 6, 5, 7, 9],[[1, 3], [2, 3], [1, 1], [1, 2], [2, 2], [3, 1]],608,350,956,543
11044,0,2,76,[2, 1, 6, 5, 7, 9],[[1, 3], [2, 3], [1, 1], [1, 2], [2, 2], [3, 1]],603,352,956,543
11061,0,2,76,[2, 1, 6, 5, 7, 9],[[1, 3], [2, 3], [1, 1], [1, 2], [2, 2], [3, 1]],610,361,956,543
11077,0,2,76,[2, 1, 6, 5, 7, 9],[[1, 3], [2, 3], [1, 1], [1, 2], [2, 2], [3, 1]],618,351,956,543
11094,0,2,76,[2, 1, 6, 5, 7, 9],[[1, 3], [2, 3], [1, 1], [1, 2], [2, 2], [3, 1]],594,367,956,543
11110,0,2,76,[2, 1, 6, 5, 7, 9],[[1, 3], [2, 3], [1, 1], [1, 2], [2, 2], [3, 1]],613,365,956,543
11126,0,2,76,[2, 1, 6, 5, 7, 9],[[1, 3], [2, 3], [1, 1], [1, 2], [2, 2], [3, 1]],584,356,956,543
11142,0,2,76,[2, 1, 6, 5, 7, 9],[[1, 3], [2, 3], [1, 1], [1, 2], [2, 2], [3, 1]],583,355,956,543
11158,0,2,76,[2, 1, 6, 5, 7, 9],[[1, 3], [2, 3], [1, 1], [1, 2], [2, 2], [3, 1]],601,365,956,543
11174,0,2,76,[2, 1, 6, 5, 7, 9],[[1, 3], [2, 3], [1, 1], [1, 2], [2, 2], [3, 1]],620,355,956,543
11190,0,2,76,[2, 1, 6, 5, 7, 9],[[1, 3], [2, 3], [1, 1], [1, 2], [2, 2], [3, 1]],585,355,956,543
11206,0,2,76,[2, 1, 6, 5, 7, 9],[[1, 3], [2, 3], [1, 1], [1, 2], [2, 2], [3, 1]],585,343,956,543
11222,0,2,76,[2, 1, 6, 5, 7, 9],[[1, 3], [2, 3], [1, 1], [1, 2], [2, 2], [3, 1]],557,352,956,543
11238,0,2,76,[2, 1, 6, 5, 7, 9],[[1, 3], [2, 3], [1, 1], [1, 2], [2, 2], [3, 1]],555,333,956,543
11254,0,2,76,[2, 1, 6, 5, 7, 9],[[1, 3], [2, 3], [1, 1], [1, 2], [2, 2], [3, 1]],566,325,956,543
11270,0,2,76,[2, 1, 6, 5, 7, 9],[[1, 3], [2, 3], [1, 1], [1, 2], [2, 2], [3, 1]],597,335,956,543
11286,0,2,76,[2, 1, 6, 5, 7, 9],[[1, 3], [2, 3], [1, 1], [1, 2], [2, 2], [3, 1]],591,328,956,543
11302,0,2,76,[2, 1, 6, 5, 7, 9],[[1, 3], [2, 3], [1, 1], [1, 2], [2, 2], [3, 1]],596,347,956,543
11318,0,2,76,[2, 1, 6, 5, 7, 9],[[1, 3], [2, 3], [1, 1], [1, 2], [2, 2], [3, 1]],606,325,956,543
11334,0,2,76,[2, 1, 6, 5, 7, 9],[[1, 3], [2, 3], [1, 1], [1, 2], [2, 2], [3, 1]],592,328,956,543
11350,0,2,76,[2, 1, 6, 5, 7, 9],[[1, 3], [2, 3], [1, 1], [1, 2], [2, 2], [3, 1]],552,334,956,543
11366,0,2,76,[2, 1, 6, 5, 7, 9],[[1, 3], [2, 3], [1, 1], [1, 2], [2, 2], [3, 1]],551,320,956,543
11382,0,2,76,[2, 1, 6, 5, 7, 9],[[1, 3], [2, 3], [1, 1], [1, 2], [2, 2], [3, 1]],545,305,956,543
11398,0,2,76,[2, 1, 6, 5, 7, 9],[[1, 3], [2, 3], [1, 1], [1, 2], [2, 2], [3, 1]],524,311,956,543
11414,0,2,76,[2, 1, 6, 5, 7, 9],[[1, 3], [2, 3], [1, 1], [1, 2], [2, 2], [3, 1]],611,300,956,543
11430,0,2,76,[2, 1, 6, 5, 7, 9],[[1, 3], [2, 3], [1, 1], [1, 2], [2, 2], [3, 1]],595,272,956,543
11446,0,2,76,[2, 1, 6, 5, 7, 9],[[1, 3], [2, 3], [1, 1], [1, 2], [2, 2], [3, 1]],602,266,956,543
11463,0,2,76,[2, 1, 6, 5, 7, 9],[[1, 3], [2, 3], [1, 1], [1, 2], [2, 2], [3, 1]],595,253,956,543
11480,0,2,76,[2, 1, 6, 5, 7, 9],[[1, 3], [2, 3], [1, 1], [1, 2], [2, 2], [3, 1]],566,265,956,543
11497,0,2,76,[2, 1, 6, 5, 7, 9],[[1, 3], [2, 3], [1, 1], [1, 2], [2, 2], [3, 1]],562,290,956,543
11513,0,2,76,[2, 1, 6, 5, 7, 9],[[1, 3], [2, 3], [1, 1], [1, 2], [2, 2], [3, 1]],564,307,956,543
11529,0,2,76,[2, 1, 6, 5, 7, 9],[[1, 3], [2, 3], [1, 1], [1, 2], [2, 2], [3, 1]],553,304,956,543
11546,0,2,76,[2, 1, 6, 5, 7, 9],[[1, 3], [2, 3], [1, 1], [1, 2], [2, 2], [3, 1]],546,311,956,543
11563,0,2,76,[2, 1, 6, 5, 7, 9],[[1, 3], [2, 3], [1, 1], [1, 2], [2, 2], [3, 1]],556,318,956,543
11580,0,2,76,[2, 1, 6, 5, 7, 9],[[1, 3], [2, 3], [1, 1], [1, 2], [2, 2], [3, 1]],576,292,956,543
11596,0,2,76,[2, 1, 6, 5, 7, 9],[[1, 3], [2, 3], [1, 1], [1, 2], [2, 2], [3, 1]],578,277,956,543
11613,0,2,76,[2, 1, 6, 5, 7, 9],[[1, 3], [2, 3], [1, 1], [1, 2], [2, 2], [3, 1]],586,292,956,543
11630,0,2,76,[2, 1, 6, 5, 7, 9],[[1, 3], [2, 3], [1, 1], [1, 2], [2, 2], [3, 1]],583,309,956,543
11646,0,2,76,[2, 1, 6, 5, 7, 9],[[1, 3], [2, 3], [1, 1], [1, 2], [2, 2], [3, 1]],568,313,956,543
11663,0,2,76,[2, 1, 6, 5, 7, 9],[[1, 3], [2, 3], [1, 1], [1, 2], [2, 2], [3, 1]],562,319,956,543
11679,0,2,76,[2, 1, 6, 5, 7, 9],[[1, 3], [2, 3], [1, 1], [1, 2], [2, 2], [3, 1]],565,315,956,543
11695,0,2,76,[2, 1, 6, 5, 7, 9],[[1, 3], [2, 3], [1, 1], [1, 2], [2, 2], [3, 1]],588,302,956,543
11712,0,2,76,[2, 1, 6, 5, 7, 9],[[1, 3], [2, 3], [1, 1], [1, 2], [2, 2], [3, 1]],587,299,956,543
11729,0,2,76,[2, 1, 6, 5, 7, 9],[[1, 3], [2, 3], [1, 1], [1, 2], [2, 2], [3, 1]],602,281,956,543
11745,0,2,76,[2, 1, 6, 5, 7, 9],[[1, 3], [2, 3], [1, 1], [1, 2], [2, 2], [3, 1]],617,274,956,543
11762,0,2,76,[2, 1, 6, 5, 7, 9],[[1, 3], [2, 3], [1, 1], [1, 2], [2, 2], [3, 1]],596,275,956,543
11778,0,2,76,[2, 1, 6, 5, 7, 9],[[1, 3], [2, 3], [1, 1], [1, 2], [2, 2], [3, 1]],569,255,956,543
11794,0,2,76,[2, 1, 6, 5, 7, 9],[[1, 3], [2, 3], [1, 1], [1, 2], [2, 2], [3, 1]],566,264,956,543
11811,0,2,76,[2, 1, 6, 5, 7, 9],[[1, 3], [2, 3], [1, 1], [1, 2], [2, 2], [3, 1]],584,279,956,543
11828,0,2,76,[2, 1, 6, 5, 7, 9],[[1, 3], [2, 3], [1, 1], [1, 2], [2, 2], [3, 1]],582,283,956,543
11844,0,2,76,[2, 1, 6, 5, 7, 9],[[1, 3], [2, 3], [1, 1], [1, 2], [2, 2], [3, 1]],584,291,956,543
11861,0,2,76,[2, 1, 6, 5, 7, 9],[[1, 3], [2, 3], [1, 1], [1, 2], [2, 2], [3, 1]],601,319,956,543
11877,0,2,76,[2, 1, 6, 5, 7, 9],[[1, 3], [2, 3], [1, 1], [1, 2], [2, 2], [3, 1]],597,318,956,543
11894,0,2,76,[2, 1, 6, 5, 7, 9],[[1, 3], [2, 3], [1, 1], [1, 2], [2, 2], [3, 1]],570,306,956,543
11911,0,2,76,[2, 1, 6, 5, 7, 9],[[1, 3], [2, 3], [1, 1], [1, 2], [2, 2], [3, 1]],557,316,956,543
11927,0,2,76,[2, 1, 6, 5, 7, 9],[[1, 3], [2, 3], [1, 1], [1, 2], [2, 2], [3, 1]],562,325,956,543
11943,0,2,76,[2, 1, 6, 5, 7, 9],[[1, 3], [2, 3], [1, 1], [1, 2], [2, 2], [3, 1]],568,319,956,543
11959,0,2,76,[2, 1, 6, 5, 7, 9],[[1, 3], [2, 3], [1, 1], [1, 2], [2, 2], [3, 1]],558,296,956,543
11975,0,2,76,[2, 1, 6, 5, 7, 9],[[1, 3], [2, 3], [1, 1], [1, 2], [2, 2], [3, 1]],537,303,956,543
11991,0,2,76,[2, 1, 6, 5, 7, 9],[[1, 3], [2, 3], [1, 1], [1, 2], [2, 2], [3, 1]],551,306,956,543
12007,0,2,76,[2, 1, 6, 5, 7, 9],[[1, 3], [2, 3], [1, 1], [1, 2], [2, 2], [3, 1]],537,302,956,543
12023,0,2,76,[2, 1, 6, 5, 7, 9],[[1, 3], [2, 3], [1, 1], [1, 2], [2, 2], [3, 1]],563,321,956,543
12039,0,2,76,[2, 1, 6, 5, 7, 9],[[1, 3], [2, 3], [1, 1], [1, 2], [2, 2], [3, 1]],538,326,956,543
12055,0,2,76,[2, 1, 6, 5, 7, 9],[[1, 3], [2, 3], [1, 1], [1, 2], [2, 2], [3, 1]],546,321,956,543
12071,0,2,76,[2, 1, 6, 5, 7, 9],[[1, 3], [2, 3], [1, 1], [1, 2], [2, 2], [3, 1]],585,358,956,543
12087,0,2,76,[2, 1, 6, 5, 7, 9],[[1, 3], [2, 3], [1, 1], [1, 2], [2, 2], [3, 1]],604,369,956,543
12104,0,2,76,[2, 1, 6, 5, 7, 9],[[1, 3], [2, 3], [1, 1], [1, 2], [2, 2], [3, 1]],581,395,956,543
12120,0,2,76,[2, 1, 6, 5, 7, 9],[[1, 3], [2, 3], [1, 1], [1, 2], [2, 2], [3, 1]],555,400,956,543
12136,0,2,76,[2, 1, 6, 5, 7, 9],[[1, 3], [2, 3], [1, 1], [1, 2], [2, 2], [3, 1]],575,418,956,543
12152,0,2,76,[2, 1, 6, 5, 7, 9],[[1, 3], [2, 3], [1, 1], [1, 2], [2, 2], [3, 1]],572,451,956,543
12169,0,2,76,[2, 1, 6, 5, 7, 9],[[1, 3], [2, 3], [1, 1], [1, 2], [2, 2], [3, 1]],597,439,956,543
12185,0,2,76,[2, 1, 6, 5, 7, 9],[[1, 3], [2, 3], [1, 1], [1, 2], [2, 2], [3, 1]],597,447,956,543
12202,0,2,76,[2, 1, 6, 5, 7, 9],[[1, 3], [2, 3], [1, 1], [1, 2], [2, 2], [3, 1]],613,441,956,543
12218,0,2,76,[2, 1, 6, 5, 7, 9],[[1, 3], [2, 3], [1, 1], [1, 2], [2, 2], [3, 1]],616,445,956,543
12234,0,2,76,[2, 1, 6, 5, 7, 9],[[1, 3], [2, 3], [1, 1], [1, 2], [2, 2], [3, 1]],610,451,956,543
12250,0,2,76,[2, 1, 6, 5, 7, 9],[[1, 3], [2, 3], [1, 1], [1, 2], [2, 2], [3, 1]],628,458,956,543
12266,0,2,76,[2, 1, 6, 5, 7, 9],[[1, 3], [2, 3], [1, 1], [1, 2], [2, 2], [3, 1]],628,459,956,543
12282,0,2,76,[2, 1, 6, 5, 7, 9],[[1, 3], [2, 3], [1, 1], [1, 2], [2, 2], [3, 1]],624,435,956,543
12299,0,2,76,[2, 1, 6, 5, 7, 9],[[1, 3], [2, 3], [1, 1], [1, 2], [2, 2], [3, 1]],626,452,956,543
12314,0,2,76,[2, 1, 6, 5, 7, 9],[[1, 3], [2, 3], [1, 1], [1, 2], [2, 2], [3, 1]],623,453,956,543
12331,0,2,76,[2, 1, 6, 5, 7, 9],[[1, 3], [2, 3], [1, 1], [1, 2], [2, 2], [3, 1]],626,455,956,543
12347,0,2,76,[2, 1, 6, 5, 7, 9],[[1, 3], [2, 3], [1, 1], [1, 2], [2, 2], [3, 1]],615,459,956,543
12363,0,2,76,[2, 1, 6, 5, 7, 9],[[1, 3], [2, 3], [1, 1], [1, 2], [2, 2], [3, 1]],610,459,956,543
12380,0,2,76,[2, 1, 6, 5, 7, 9],[[1, 3], [2, 3], [1, 1], [1, 2], [2, 2], [3, 1]],613,440,956,543
12396,0,2,76,[2, 1, 6, 5, 7, 9],[[1, 3], [2, 3], [1, 1], [1, 2], [2, 2], [3, 1]],613,448,956,543
12412,0,2,76,[2, 1, 6, 5, 7, 9],[[1, 3], [2, 3], [1, 1], [1, 2], [2, 2], [3, 1]],607,463,956,543
12428,0,2,76,[2, 1, 6, 5, 7, 9],[[1, 3], [2, 3], [1, 1], [1, 2], [2, 2], [3, 1]],609,463,956,543
12444,0,2,76,[2, 1, 6, 5, 7, 9],[[1, 3], [2, 3], [1, 1], [1, 2], [2, 2], [3, 1]],616,486,956,543
12461,0,2,76,[2, 1, 6, 5, 7, 9],[[1, 3], [2, 3], [1, 1], [1, 2], [2, 2], [3, 1]],606,487,956,543
12478,0,2,76,[2, 1, 6, 5, 7, 9],[[1, 3], [2, 3], [1, 1], [1, 2], [2, 2], [3, 1]],614,473,956,543
12494,0,2,76,[2, 1, 6, 5, 7, 9],[[1, 3], [2, 3], [1, 1], [1, 2], [2, 2], [3, 1]],595,445,956,543
12510,0,2,76,[2, 1, 6, 5, 7, 9],[[1, 3], [2, 3], [1, 1], [1, 2], [2, 2], [3, 1]],599,448,956,543
12526,0,2,76,[2, 1, 6, 5, 7, 9],[[1, 3], [2, 3], [1, 1], [1, 2], [2, 2], [3, 1]],598,455,956,543
12542,0,2,76,[2, 1, 6, 5, 7, 9],[[1, 3], [2, 3], [1, 1], [1, 2], [2, 2], [3, 1]],606,451,956,543
12558,0,2,76,[2, 1, 6, 5, 7, 9],[[1, 3], [2, 3], [1, 1], [1, 2], [2, 2], [3, 1]],609,464,956,543
12574,0,2,76,[2, 1, 6, 5, 7, 9],[[1, 3], [2, 3], [1, 1], [1, 2], [2, 2], [3, 1]],626,469,956,543
12590,0,2,76,[2, 1, 6, 5, 7, 9],[[1, 3], [2, 3], [1, 1], [1, 2], [2, 2], [3, 1]],625,467,956,543
12606,0,2,76,[2, 1, 6, 5, 7, 9],[[1, 3], [2, 3], [1, 1], [1, 2], [2, 2], [3, 1]],615,459,956,543
12622,0,2,76,[2, 1, 6, 5, 7, 9],[[1, 3], [2, 3], [1, 1], [1, 2], [2, 2], [3, 1]],616,468,956,543
12638,0,2,76,[2, 1, 6, 5, 7, 9],[[1, 3], [2, 3], [1, 1], [1, 2], [2, 2], [3, 1]],588,447,956,543
12654,0,2,76,[2, 1, 6, 5, 7, 9],[[1, 3], [2, 3], [1, 1], [1, 2], [2, 2], [3, 1]],592,416,956,543
12671,0,2,76,[2, 1, 6, 5, 7, 9],[[1, 3], [2, 3], [1, 1], [1, 2], [2, 2], [3, 1]],580,411,956,543
12686,0,2,76,[2, 1, 6, 5, 7, 9],[[1, 3], [2, 3], [1, 1], [1, 2], [2, 2], [3, 1]],568,419,956,543
12702,0,2,76,[2, 1, 6, 5, 7, 9],[[1, 3], [2, 3], [1, 1], [1, 2], [2, 2], [3, 1]],567,406,956,543
12718,0,2,76,[2, 1, 6, 5, 7, 9],[[1, 3], [2, 3], [1, 1], [1, 2], [2, 2], [3, 1]],567,391,956,543
12735,0,2,76,[2, 1, 6, 5, 7, 9],[[1, 3], [2, 3], [1, 1], [1, 2], [2, 2], [3, 1]],551,403,956,543
12751,0,2,76,[2, 1, 6, 5, 7, 9],[[1, 3], [2, 3], [1, 1], [1, 2], [2, 2], [3, 1]],562,432,956,543
12767,0,2,76,[2, 1, 6, 5, 7, 9],[[1, 3], [2, 3], [1, 1], [1, 2], [2, 2], [3, 1]],585,421,956,543
12783,0,3,48,[2, 1, 6, 5, 11, 10],[[2, 1], [3, 1], [1, 2], [1, 3], [2, 2], [3, 3]],576,416,956,543
12800,0,3,48,[2, 1, 6, 5, 11, 10],[[2, 1], [3, 1], [1, 2], [1, 3], [2, 2], [3, 3]],600,418,956,543
12817,0,3,48,[2, 1, 6, 5, 11, 10],[[2, 1], [3, 1], [1, 2], [1, 3], [2, 2], [3, 3]],605,405,956,543
12833,0,3,48,[2, 1, 6, 5, 11, 10],[[2, 1], [3, 1], [1, 2], [1, 3], [2, 2], [3, 3]],594,419,956,543
12849,0,3,48,[2, 1, 6, 5, 11, 10],[[2, 1], [3, 1], [1, 2], [1, 3], [2, 2], [3, 3]],597,409,956,543
12871,0,3,48,[2, 1, 6, 5, 11, 10],[[2, 1], [3, 1], [1, 2], [1, 3], [2, 2], [3, 3]],593,388,956,543
12888,0,3,48,[2, 1, 6, 5, 11, 10],[[2, 1], [3, 1], [1, 2], [1, 3], [2, 2], [3, 3]],611,363,956,543
12905,0,3,48,[2, 1, 6, 5, 11, 10],[[2, 1], [3, 1], [1, 2], [1, 3], [2, 2], [3, 3]],613,380,956,543
12922,0,3,48,[2, 1, 6, 5, 11, 10],[[2, 1], [3, 1], [1, 2], [1, 3], [2, 2], [3, 3]],616,375,956,543
12938,0,3,48,[2, 1, 6, 5, 11, 10],[[2, 1], [3, 1], [1, 2], [1, 3], [2, 2], [3, 3]],604,340,956,543
12954,0,3,48,[2, 1, 6, 5, 11, 10],[[2, 1], [3, 1], [1, 2], [1, 3], [2, 2], [3, 3]],603,335,956,543
12970,0,3,48,[2, 1, 6, 5, 11, 10],[[2, 1], [3, 1], [1, 2], [1, 3], [2, 2], [3, 3]],615,353,956,543
12986,0,3,48,[2, 1, 6, 5, 11, 10],[[2, 1], [3, 1], [1, 2], [1, 3], [2, 2], [3, 3]],618,353,956,543
13002,0,3,48,[2, 1, 6, 5, 11, 10],[[2, 1], [3, 1], [1, 2], [1, 3], [2, 2], [3, 3]],613,389,956,543
13018,0,3,48,[2, 1, 6, 5, 11, 10],[[2, 1], [3, 1], [1, 2], [1, 3], [2, 2], [3, 3]],623,390,956,543
13034,0,3,48,[2, 1, 6, 5, 11, 10],[[2, 1], [3, 1], [1, 2], [1, 3], [2, 2], [3, 3]],599,413,956,543
13050,0,3,48,[2, 1, 6, 5, 11, 10],[[2, 1], [3, 1], [1, 2], [1, 3], [2, 2], [3, 3]],603,406,956,543
13066,0,3,48,[2, 1, 6, 5, 11, 10],[[2, 1], [3, 1], [1, 2], [1, 3], [2, 2], [3, 3]],611,376,956,543
13082,0,3,48,[2, 1, 6, 5, 11, 10],[[2, 1], [3, 1], [1, 2], [1, 3], [2, 2], [3, 3]],613,427,956,543
13098,0,3,48,[2, 1, 6, 5, 11, 10],[[2, 1], [3, 1], [1, 2], [1, 3], [2, 2], [3, 3]],600,456,956,543
13114,0,3,48,[2, 1, 6, 5, 11, 10],[[2, 1], [3, 1], [1, 2], [1, 3], [2, 2], [3, 3]],606,467,956,543
13130,0,3,48,[2, 1, 6, 5, 11, 10],[[2, 1], [3, 1], [1, 2], [1, 3], [2, 2], [3, 3]],582,442,956,543
13147,0,3,48,[2, 1, 6, 5, 11, 10],[[2, 1], [3, 1], [1, 2], [1, 3], [2, 2], [3, 3]],584,426,956,543
13163,0,3,48,[2, 1, 6, 5, 11, 10],[[2, 1], [3, 1], [1, 2], [1, 3], [2, 2], [3, 3]],567,427,956,543
13179,0,3,48,[2, 1, 6, 5, 11, 10],[[2, 1], [3, 1], [1, 2], [1, 3], [2, 2], [3, 3]],590,443,956,543
13195,0,3,48,[2, 1, 6, 5, 11, 10],[[2, 1], [3, 1], [1, 2], [1, 3], [2, 2], [3, 3]],586,442,956,543
13211,0,3,48,[2, 1, 6, 5, 11, 10],[[2, 1], [3, 1], [1, 2], [1, 3], [2, 2], [3, 3]],575,438,956,543
13228,0,3,48,[2, 1, 6, 5, 11, 10],[[2, 1], [3, 1], [1, 2], [1, 3], [2, 2], [3, 3]],588,429,956,543
13245,0,3,48,[2, 1, 6, 5, 11, 10],[[2, 1], [3, 1], [1, 2], [1, 3], [2, 2], [3, 3]],601,427,956,543
13262,0,3,48,[2, 1, 6, 5, 11, 10],[[2, 1], [3, 1], [1, 2], [1, 3], [2, 2], [3, 3]],605,443,956,543
13279,0,3,48,[2, 1, 6, 5, 11, 10],[[2, 1], [3, 1], [1, 2], [1, 3], [2, 2], [3, 3]],612,456,956,543
13296,0,3,48,[2, 1, 6, 5, 11, 10],[[2, 1], [3, 1], [1, 2], [1, 3], [2, 2], [3, 3]],626,464,956,543
13312,0,3,48,[2, 1, 6, 5, 11, 10],[[2, 1], [3, 1], [1, 2], [1, 3], [2, 2], [3, 3]],611,464,956,543
13329,0,3,48,[2, 1, 6, 5, 11, 10],[[2, 1], [3, 1], [1, 2], [1, 3], [2, 2], [3, 3]],608,470,956,543
13346,0,3,48,[2, 1, 6, 5, 11, 10],[[2, 1], [3, 1], [1, 2], [1, 3], [2, 2], [3, 3]],617,459,956,543
13362,0,3,48,[2, 1, 6, 5, 11, 10],[[2, 1], [3, 1], [1, 2], [1, 3], [2, 2], [3, 3]],609,449,956,543
13379,0,3,48,[2, 1, 6, 5, 11, 10],[[2, 1], [3, 1], [1, 2], [1, 3], [2, 2], [3, 3]],619,433,956,543
13396,0,3,48,[2, 1, 6, 5, 11, 10],[[2, 1], [3, 1], [1, 2], [1, 3], [2, 2], [3, 3]],627,427,956,543
13412,0,3,48,[2, 1, 6, 5, 11, 10],[[2, 1], [3, 1], [1, 2], [1, 3], [2, 2], [3, 3]],620,421,956,543
13428,0,3,48,[2, 1, 6, 5, 11, 10],[[2, 1], [3, 1], [1, 2], [1, 3], [2, 2], [3, 3]],609,435,956,543
13444,0,3,48,[2, 1, 6, 5, 11, 10],[[2, 1], [3, 1], [1, 2], [1, 3], [2, 2], [3, 3]],597,419,956,543
13460,0,3,48,[2, 1, 6, 5, 11, 10],[[2, 1], [3, 1], [1, 2], [1, 3], [2, 2], [3, 3]],628,417,956,543
13476,0,3,48,[2, 1, 6, 5, 11, 10],[[2, 1], [3, 1], [1, 2], [1, 3], [2, 2], [3, 3]],643,399,956,543
13492,0,3,48,[2, 1, 6, 5, 11, 10],[[2, 1], [3, 1], [1, 2], [1, 3], [2, 2], [3, 3]],672,409,956,543
13509,0,3,48,[2, 1, 6, 5, 11, 10],[[2, 1], [3, 1], [1, 2], [1, 3], [2, 2], [3, 3]],691,381,956,543
13526,0,3,48,[2, 1, 6, 5, 11, 10],[[2, 1], [3, 1], [1, 2], [1, 3], [2, 2], [3, 3]],700,391,956,543
13543,0,3,48,[2, 1, 6, 5, 11, 10],[[2, 1], [3, 1], [1, 2], [1, 3], [2, 2], [3, 3]],718,387,956,543
13560,0,3,48,[2, 1, 6, 5, 11, 10],[[2, 1], [3, 1], [1, 2], [1, 3], [2, 2], [3, 3]],732,379,956,543
13577,0,3,48,[2, 1, 6, 5, 11, 10],[[2, 1], [3, 1], [1, 2], [1, 3], [2, 2], [3, 3]],701,381,956,543
13594,0,3,48,[2, 1, 6, 5, 11, 10],[[2, 1], [3, 1], [1, 2], [1, 3], [2, 2], [3, 3]],688,408,956,543
13610,0,3,48,[2, 1, 6, 5, 11, 10],[[2, 1], [3, 1], [1, 2], [1, 3], [2, 2], [3, 3]],687,420,956,543
13626,0,3,48,[2, 1, 6, 5, 11, 10],[[2, 1], [3, 1], [1, 2], [1, 3], [2, 2], [3, 3]],692,447,956,543
13642,0,3,48,[2, 1, 6, 5, 11, 10],[[2, 1], [3, 1], [1, 2], [1, 3], [2, 2], [3, 3]],722,470,956,543
13658,0,3,48,[2, 1, 6, 5, 11, 10],[[2, 1], [3, 1], [1, 2], [1, 3], [2, 2], [3, 3]],724,497,956,543
13674,0,3,48,[2, 1, 6, 5, 11, 10],[[2, 1], [3, 1], [1, 2], [1, 3], [2, 2], [3, 3]],746,514,956,543
13690,0,3,48,[2, 1, 6, 5, 11, 10],[[2, 1], [3, 1], [1, 2], [1, 3], [2, 2], [3, 3]],756,528,956,543
13706,0,3,48,[2, 1, 6, 5, 11, 10],[[2, 1], [3, 1], [1, 2], [1, 3], [2, 2], [3, 3]],750,520,956,543
13722,0,3,48,[2, 1, 6, 5, 11, 10],[[2, 1], [3, 1], [1, 2], [1, 3], [2, 2], [3, 3]],772,537,956,543
13738,0,3,48,[2, 1, 6, 5, 11, 10],[[2, 1], [3, 1], [1, 2], [1, 3], [2, 2], [3, 3]],790,557,956,543
13755,0,3,48,[2, 1, 6, 5, 11, 10],[[2, 1], [3, 1], [1, 2], [1, 3], [2, 2], [3, 3]],783,546,956,543
13771,0,3,48,[2, 1, 6, 5, 11, 10],[[2, 1], [3, 1], [1, 2], [1, 3], [2, 2], [3, 3]],783,548,956,543
13787,0,3,48,[2, 1, 6, 5, 11, 10],[[2, 1], [3, 1], [1, 2], [1, 3], [2, 2], [3, 3]],766,579,956,543
13803,0,3,48,[2, 1, 6, 5, 11, 10],[[2, 1], [3, 1], [1, 2], [1, 3], [2, 2], [3, 3]],767,605,956,543
13819,0,3,48,[2, 1, 6, 5, 11, 10],[[2, 1], [3, 1], [1, 2], [1, 3], [2, 2], [3, 3]],780,580,956,543
13836,0,3,48,[2, 1, 6, 5, 11, 10],[[2, 1], [3, 1], [1, 2], [1, 3], [2, 2], [3, 3]],779,568,956,543
13852,0,3,48,[2, 1, 6, 5, 11, 10],[[2, 1], [3, 1], [1, 2], [1, 3], [2, 2], [3, 3]],781,579,956,543
13869,0,3,48,[2, 1, 6, 5, 11, 10],[[2, 1], [3, 1], [1, 2], [1, 3], [2, 2], [3, 3]],782,580,956,543
13885,0,3,48,[2, 1, 6, 5, 11, 10],[[2, 1], [3, 1], [1, 2], [1, 3], [2, 2], [3, 3]],776,576,956,543
13901,0,3,48,[2, 1, 6, 5, 11, 10],[[2, 1], [3, 1], [1, 2], [1, 3], [2, 2], [3, 3]],789,583,956,543
13917,0,3,48,[2, 1, 6, 5, 11, 10],[[2, 1], [3, 1], [1, 2], [1, 3], [2, 2], [3, 3]],801,606,956,543
13933,0,3,48,[2, 1, 6, 5, 11, 10],[[2, 1], [3, 1], [1, 2], [1, 3], [2, 2], [3, 3]],812,600,956,543
13949,0,3,48,[2, 1, 6, 5, 11, 10],[[2, 1], [3, 1], [1, 2], [1, 3], [2, 2], [3, 3]],843,599,956,543
13965,0,3,48,[2, 1, 6, 5, 11, 10],[[2, 1], [3, 1], [1, 2], [1, 3], [2, 2], [3, 3]],848,605,956,543
13981,0,3,48,[2, 1, 6, 5, 11, 10],[[2, 1], [3, 1], [1, 2], [1, 3], [2, 2], [3, 3]],849,592,956,543
13997,0,3,48,[2, 1, 6, 5, 11, 10],[[2, 1], [3, 1], [1, 2], [1, 3], [2, 2], [3, 3]],837,603,956,543
14014,0,3,48,[2, 1, 6, 5, 11, 10],[[2, 1], [3, 1], [1, 2], [1, 3], [2, 2], [3, 3]],834,638,956,543
14031,0,3,48,[2, 1, 6, 5, 11, 10],[[2, 1], [3, 1], [1, 2], [1, 3], [2, 2], [3, 3]],857,654,956,543
14048,0,3,48,[2, 1, 6, 5, 11, 10],[[2, 1], [3, 1], [1, 2], [1, 3], [2, 2], [3, 3]],858,663,956,543
14065,0,3,48,[2, 1, 6, 5, 11, 10],[[2, 1], [3, 1], [1, 2], [1, 3], [2, 2], [3, 3]],855,675,956,543
14081,0,3,48,[2, 1, 6, 5, 11, 10],[[2, 1], [3, 1], [1, 2], [1, 3], [2, 2], [3, 3]],843,668,956,543
14097,0,3,48,[2, 1, 6, 5, 11, 10],[[2, 1], [3, 1], [1, 2], [1, 3], [2, 2], [3, 3]],851,676,956,543
14113,0,3,48,[2, 1, 6, 5, 11, 10],[[2, 1], [3, 1], [1, 2], [1, 3], [2, 2], [3, 3]],898,670,956,543
14129,0,3,48,[2, 1, 6, 5, 11, 10],[[2, 1], [3, 1], [1, 2], [1, 3], [2, 2], [3, 3]],923,664,956,543
14146,0,3,48,[2, 1, 6, 5, 11, 10],[[2, 1], [3, 1], [1, 2], [1, 3], [2, 2], [3, 3]],908,670,956,543
14163,0,3,48,[2, 1, 6, 5, 11, 10],[[2, 1], [3, 1], [1, 2], [1, 3], [2, 2], [3, 3]],907,654,956,543
14179,0,3,48,[2, 1, 6, 5, 11, 10],[[2, 1], [3, 1], [1, 2], [1, 3], [2, 2], [3, 3]],908,638,956,543
14196,0,3,48,[2, 1, 6, 5, 11, 10],[[2, 1], [3, 1], [1, 2], [1, 3], [2, 2], [3, 3]],887,649,956,543
14213,0,3,48,[2, 1, 6, 5, 11, 10],[[2, 1], [3, 1], [1, 2], [1, 3], [2, 2], [3, 3]],871,639,956,543
14229,0,3,48,[2, 1, 6, 5, 11, 10],[[2, 1], [3, 1], [1, 2], [1, 3], [2, 2], [3, 3]],874,657,956,543
14246,0,3,48,[2, 1, 6, 5, 11, 10],[[2, 1], [3, 1], [1, 2], [1, 3], [2, 2], [3, 3]],877,665,956,543
14263,0,3,48,[2, 1, 6, 5, 11, 10],[[2, 1], [3, 1], [1, 2], [1, 3], [2, 2], [3, 3]],867,668,956,543
14279,0,3,48,[2, 1, 6, 5, 11, 10],[[2, 1], [3, 1], [1, 2], [1, 3], [2, 2], [3, 3]],866,669,956,543
14295,0,3,48,[2, 1, 6, 5, 11, 10],[[2, 1], [3, 1], [1, 2], [1, 3], [2, 2], [3, 3]],862,680,956,543
14312,0,3,48,[2, 1, 6, 5, 11, 10],[[2, 1], [3, 1], [1, 2], [1, 3], [2, 2], [3, 3]],873,688,956,543
14328,0,3,48,[2, 1, 6, 5, 11, 10],[[2, 1], [3, 1], [1, 2], [1, 3], [2, 2], [3, 3]],877,696,956,543
14345,0,3,48,[2, 1, 6, 5, 11, 10],[[2, 1], [3, 1], [1, 2], [1, 3], [2, 2], [3, 3]],888,706,956,543
14362,0,3,48,[2, 1, 6, 5, 11, 10],[[2, 1], [3, 1], [1, 2], [1, 3], [2, 2], [3, 3]],891,714,956,543
14379,0,3,48,[2, 1, 6, 5, 11, 10],[[2, 1], [3, 1], [1, 2], [1, 3], [2, 2], [3, 3]],888,755,956,543
14396,0,3,48,[2, 1, 6, 5, 11, 10],[[2, 1], [3, 1], [1, 2], [1, 3], [2, 2], [3, 3]],889,758,956,543
14412,0,3,48,[2, 1, 6, 5, 11, 10],[[2, 1], [3, 1], [1, 2], [1, 3], [2, 2], [3, 3]],841,763,956,543
14428,0,3,48,[2, 1, 6, 5, 11, 10],[[2, 1], [3, 1], [1, 2], [1, 3], [2, 2], [3, 3]],833,778,956,543
14445,0,3,48,[2, 1, 6, 5, 11, 10],[[2, 1], [3, 1], [1, 2], [1, 3], [2, 2], [3, 3]],854,786,956,543
14462,0,3,48,[2, 1, 6, 5, 11, 10],[[2, 1], [3, 1], [1, 2], [1, 3], [2, 2], [3, 3]],841,789,956,543
14478,0,3,48,[2, 1, 6, 5, 11, 10],[[2, 1], [3, 1], [1, 2], [1, 3], [2, 2], [3, 3]],832,781,956,543
14495,0,3,48,[2, 1, 6, 5, 11, 10],[[2, 1], [3, 1], [1, 2], [1, 3], [2, 2], [3, 3]],833,809,956,543
14512,0,3,48,[2, 1, 6, 5, 11, 10],[[2, 1], [3, 1], [1, 2], [1, 3], [2, 2], [3, 3]],832,810,956,543
14529,0,3,48,[2, 1, 6, 5, 11, 10],[[2, 1], [3, 1], [1, 2], [1, 3], [2, 2], [3, 3]],833,830,956,543
14546,0,3,48,[2, 1, 6, 5, 11, 10],[[2, 1], [3, 1], [1, 2], [1, 3], [2, 2], [3, 3]],858,812,956,543
14563,0,3,48,[2, 1, 6, 5, 11, 10],[[2, 1], [3, 1], [1, 2], [1, 3], [2, 2], [3, 3]],864,805,956,543
14580,0,3,48,[2, 1, 6, 5, 11, 10],[[2, 1], [3, 1], [1, 2], [1, 3], [2, 2], [3, 3]],871,827,956,543
14595,0,3,48,[2, 1, 6, 5, 11, 10],[[2, 1], [3, 1], [1, 2], [1, 3], [2, 2], [3, 3]],858,820,956,543
14612,0,3,48,[2, 1, 6, 5, 11, 10],[[2, 1], [3, 1], [1, 2], [1, 3], [2, 2], [3, 3]],857,842,956,543
14630,0,3,48,[2, 1, 6, 5, 11, 10],[[2, 1], [3, 1], [1, 2], [1, 3], [2, 2], [3, 3]],863,862,956,543
14646,0,3,48,[2, 1, 6, 5, 11, 10],[[2, 1], [3, 1], [1, 2], [1, 3], [2, 2], [3, 3]],860,878,956,543
14662,0,3,48,[2, 1, 6, 5, 11, 10],[[2, 1], [3, 1], [1, 2], [1, 3], [2, 2], [3, 3]],879,867,956,543
14678,0,3,48,[2, 1, 6, 5, 11, 10],[[2, 1], [3, 1], [1, 2], [1, 3], [2, 2], [3, 3]],896,871,956,543
14695,0,3,48,[2, 1, 6, 5, 11, 10],[[2, 1], [3, 1], [1, 2], [1, 3], [2, 2], [3, 3]],897,857,956,543
14711,0,3,48,[2, 1, 6, 5, 11, 10],[[2, 1], [3, 1], [1, 2], [1, 3], [2, 2], [3, 3]],910,848,956,543
14728,0,3,48,[2, 1, 6, 5, 11, 10],[[2, 1], [3, 1], [1, 2], [1, 3], [2, 2], [3, 3]],910,827,956,543
14744,0,3,48,[2, 1, 6, 5, 11, 10],[[2, 1], [3, 1], [1, 2], [1, 3], [2, 2], [3, 3]],912,826,956,543
14760,0,3,48,[2, 1, 6, 5, 11, 10],[[2, 1], [3, 1], [1, 2], [1, 3], [2, 2], [3, 3]],913,856,956,543
14776,0,3,48,[2, 1, 6, 5, 11, 10],[[2, 1], [3, 1], [1, 2], [1, 3], [2, 2], [3, 3]],899,849,956,543
14792,0,3,48,[2, 1, 6, 5, 11, 10],[[2, 1], [3, 1], [1, 2], [1, 3], [2, 2], [3, 3]],887,860,956,543
14809,0,3,48,[2, 1, 6, 5, 11, 10],[[2, 1], [3, 1], [1, 2], [1, 3], [2, 2], [3, 3]],877,880,956,543
14825,0,3,48,[2, 1, 6, 5, 11, 10],[[2, 1], [3, 1], [1, 2], [1, 3], [2, 2], [3, 3]],889,881,956,543
14841,0,3,48,[2, 1, 6, 5, 11, 10],[[2, 1], [3, 1], [1, 2], [1, 3], [2, 2], [3, 3]],892,883,956,543
14857,0,3,48,[2, 1, 6, 5, 11, 10],[[2, 1], [3, 1], [1, 2], [1, 3], [2, 2], [3, 3]],905,912,956,543
14873,0,3,48,[2, 1, 6, 5, 11, 10],[[2, 1], [3, 1], [1, 2], [1, 3], [2, 2], [3, 3]],922,910,956,543
14889,0,3,48,[2, 1, 6, 5, 11, 10],[[2, 1], [3, 1], [1, 2], [1, 3], [2, 2], [3, 3]],953,898,956,543
14906,0,3,48,[2, 1, 6, 5, 11, 10],[[2, 1], [3, 1], [1, 2], [1, 3], [2, 2], [3, 3]],949,915,956,543
14922,0,3,48,[2, 1, 6, 5, 11, 10],[[2, 1], [3, 1], [1, 2], [1, 3], [2, 2], [3, 3]],951,898,956,543
14938,0,3,48,[2, 1, 6, 5, 11, 10],[[2, 1], [3, 1], [1, 2], [1, 3], [2, 2], [3, 3]],949,931,956,543
14954,0,3,48,[2, 1, 6, 5, 11, 10],[[2, 1], [3, 1], [1, 2], [1, 3], [2, 2], [3, 3]],947,942,956,543
14970,0,3,48,[2, 1, 6, 5, 11, 10],[[2, 1], [3, 1], [1, 2], [1, 3], [2, 2], [3, 3]],941,943,956,543
14987,0,3,48,[2, 1, 6, 5, 11, 10],[[2, 1], [3, 1], [1, 2], [1, 3], [2, 2], [3, 3]],927,956,956,543
15003,0,3,48,[2, 1, 6, 5, 11, 10],[[2, 1], [3, 1], [1, 2], [1, 3], [2, 2], [3, 3]],936,936,956,543
15020,0,3,48,[2, 1, 6, 5, 11, 10],[[2, 1], [3, 1], [1, 2], [1, 3], [2, 2], [3, 3]],949,955,956,543
15036,0,3,48,[2, 1, 6, 5, 11, 10],[[2, 1], [3, 1], [1, 2], [1, 3], [2, 2], [3, 3]],957,951,956,543
15051,0,3,48,[2, 1, 6, 5, 11, 10],[[2, 1], [3, 1], [1, 2], [1, 3], [2, 2], [3, 3]],955,947,956,543
15067,0,3,48,[2, 1, 6, 5, 11, 10],[[2, 1], [3, 1], [1, 2], [1, 3], [2, 2], [3, 3]],956,949,956,543
15083,0,3,48,[2, 1, 6, 5, 11, 10],[[2, 1], [3, 1], [1, 2], [1, 3], [2, 2], [3, 3]],983,963,956,543
15099,0,3,48,[2, 1, 6, 5, 11, 10],[[2, 1], [3, 1], [1, 2], [1, 3], [2, 2], [3, 3]],975,929,956,543
15115,0,3,48,[2, 1, 6, 5, 11, 10],[[2, 1], [3, 1], [1, 2], [1, 3], [2, 2], [3, 3]],974,931,956,543
15131,0,3,48,[2, 1, 6, 5, 11, 10],[[2, 1], [3, 1], [1, 2], [1, 3], [2, 2], [3, 3]],981,930,956,543
15147,0,3,48,[2, 1, 6, 5, 11, 10],[[2, 1], [3, 1], [1, 2], [1, 3], [2, 2], [3, 3]],988,918,956,543
15163,0,3,48,[2, 1, 6, 5, 11, 10],[[2, 1], [3, 1], [1, 2], [1, 3], [2, 2], [3, 3]],1008,922,956,543
15180,0,3,48,[2, 1, 6, 5, 11, 10],[[2, 1], [3, 1], [1, 2], [1, 3], [2, 2], [3, 3]],1018,943,956,543
15197,0,3,48,[2, 1, 6, 5, 11, 10],[[2, 1], [3, 1], [1, 2], [1, 3], [2, 2], [3, 3]],1005,950,956,543
15213,0,3,48,[2, 1, 6, 5, 11, 10],[[2, 1], [3, 1], [1, 2], [1, 3], [2, 2], [3, 3]],995,940,956,543
15230,0,3,48,[2, 1, 6, 5, 11, 10],[[2, 1], [3, 1], [1, 2], [1, 3], [2, 2], [3, 3]],987,955,956,543
15246,0,3,48,[2, 1, 6, 5, 11, 10],[[2, 1], [3, 1], [1, 2], [1, 3], [2, 2], [3, 3]],977,928,956,543
15263,0,3,48,[2, 1, 6, 5, 11, 10],[[2, 1], [3, 1], [1, 2], [1, 3], [2, 2], [3, 3]],967,940,956,543
15280,0,3,48,[2, 1, 6, 5, 11, 10],[[2, 1], [3, 1], [1, 2], [1, 3], [2, 2], [3, 3]],962,948,956,543
15296,0,3,48,[2, 1, 6, 5, 11, 10],[[2, 1], [3, 1], [1, 2], [1, 3], [2, 2], [3, 3]],967,962,956,543
15313,0,3,48,[2, 1, 6, 5, 11, 10],[[2, 1], [3, 1], [1, 2], [1, 3], [2, 2], [3, 3]],971,982,956,543
15330,0,3,48,[2, 1, 6, 5, 11, 10],[[2, 1], [3, 1], [1, 2], [1, 3], [2, 2], [3, 3]],974,911,956,543
15347,0,3,48,[2, 1, 6, 5, 11, 10],[[2, 1], [3, 1], [1, 2], [1, 3], [2, 2], [3, 3]],965,906,956,543
15363,0,3,48,[2, 1, 6, 5, 11, 10],[[2, 1], [3, 1], [1, 2], [1, 3], [2, 2], [3, 3]],976,898,956,543
15380,0,3,48,[2, 1, 6, 5, 11, 10],[[2, 1], [3, 1], [1, 2], [1, 3], [2, 2], [3, 3]],1004,912,956,543
15396,0,3,48,[2, 1, 6, 5, 11, 10],[[2, 1], [3, 1], [1, 2], [1, 3], [2, 2], [3, 3]],974,896,956,543
15413,0,3,48,[2, 1, 6, 5, 11, 10],[[2, 1], [3, 1], [1, 2], [1, 3], [2, 2], [3, 3]],972,904,956,543
15430,0,3,48,[2, 1, 6, 5, 11, 10],[[2, 1], [3, 1], [1, 2], [1, 3], [2, 2], [3, 3]],971,916,956,543
15446,0,3,48,[2, 1, 6, 5, 11, 10],[[2, 1], [3, 1], [1, 2], [1, 3], [2, 2], [3, 3]],930,919,956,543
15463,0,3,48,[2, 1, 6, 5, 11, 10],[[2, 1], [3, 1], [1, 2], [1, 3], [2, 2], [3, 3]],940,907,956,543
15479,0,3,48,[2, 1, 6, 5, 11, 10],[[2, 1], [3, 1], [1, 2], [1, 3], [2, 2], [3, 3]],934,900,956,543
15495,0,3,48,[2, 1, 6, 5, 11, 10],[[2, 1], [3, 1], [1, 2], [1, 3], [2, 2], [3, 3]],935,915,956,543
15511,0,3,48,[2, 1, 6, 5, 11, 10],[[2, 1], [3, 1], [1, 2], [1, 3], [2, 2], [3, 3]],963,926,956,543
15527,0,3,48,[2, 1, 6, 5, 11, 10],[[2, 1], [3, 1], [1, 2], [1, 3], [2, 2], [3, 3]],965,927,956,543
15543,0,3,48,[2, 1, 6, 5, 11, 10],[[2, 1], [3, 1], [1, 2], [1, 3], [2, 2], [3, 3]],977,931,956,543
15560,0,3,48,[2, 1, 6, 5, 11, 10],[[2, 1], [3, 1], [1, 2], [1, 3], [2, 2], [3, 3]],966,912,956,543
15576,0,3,48,[2, 1, 6, 5, 11, 10],[[2, 1], [3, 1], [1, 2], [1, 3], [2, 2], [3, 3]],977,916,956,543
15592,0,3,48,[2, 1, 6, 5, 11, 10],[[2, 1], [3, 1], [1, 2], [1, 3], [2, 2], [3, 3]],1015,906,956,543
15609,0,3,48,[2, 1, 6, 5, 11, 10],[[2, 1], [3, 1], [1, 2], [1, 3], [2, 2], [3, 3]],991,922,956,543
15626,0,3,48,[2, 1, 6, 5, 11, 10],[[2, 1], [3, 1], [1, 2], [1, 3], [2, 2], [3, 3]],986,913,956,543
15669,0,3,48,[2, 1, 6, 5, 11, 10],[[2, 1], [3, 1], [1, 2], [1, 3], [2, 2], [3, 3]],984,903,956,543
15684,0,3,48,[2, 1, 6, 5, 11, 10],[[2, 1], [3, 1], [1, 2], [1, 3], [2, 2], [3, 3]],975,883,956,543
15700,0,3,48,[2, 1, 6, 5, 11, 10],[[2, 1], [3, 1], [1, 2], [1, 3], [2, 2], [3, 3]],951,907,956,543
15716,0,3,48,[2, 1, 6, 5, 11, 10],[[2, 1], [3, 1], [1, 2], [1, 3], [2, 2], [3, 3]],949,902,956,543
15732,0,3,48,[2, 1, 6, 5, 11, 10],[[2, 1], [3, 1], [1, 2], [1, 3], [2, 2], [3, 3]],935,894,956,543
15749,0,3,48,[2, 1, 6, 5, 11, 10],[[2, 1], [3, 1], [1, 2], [1, 3], [2, 2], [3, 3]],952,904,956,543
15765,0,3,48,[2, 1, 6, 5, 11, 10],[[2, 1], [3, 1], [1, 2], [1, 3], [2, 2], [3, 3]],970,911,956,543
15782,0,3,48,[2, 1, 6, 5, 11, 10],[[2, 1], [3, 1], [1, 2], [1, 3], [2, 2], [3, 3]],991,951,956,543
15798,0,3,48,[2, 1, 6, 5, 11, 10],[[2, 1], [3, 1], [1, 2], [1, 3], [2, 2], [3, 3]],989,907,956,543
15814,0,3,48,[2, 1, 6, 5, 11, 10],[[2, 1], [3, 1], [1, 2], [1, 3], [2, 2], [3, 3]],974,887,956,543
15831,0,3,48,[2, 1, 6, 5, 11, 10],[[2, 1], [3, 1], [1, 2], [1, 3], [2, 2], [3, 3]],972,877,956,543
15848,0,3,48,[2, 1, 6, 5, 11, 10],[[2, 1], [3, 1], [1, 2], [1, 3], [2, 2], [3, 3]],963,869,956,543
15864,0,3,48,[2, 1, 6, 5, 11, 10],[[2, 1], [3, 1], [1, 2], [1, 3], [2, 2], [3, 3]],967,850,956,543
15881,0,3,48,[2, 1, 6, 5, 11, 10],[[2, 1], [3, 1], [1, 2], [1, 3], [2, 2], [3, 3]],992,842,956,543
15898,0,3,48,[2, 1, 6, 5, 11, 10],[[2, 1], [3, 1], [1, 2], [1, 3], [2, 2], [3, 3]],994,867,956,543
15914,0,3,48,[2, 1, 6, 5, 11, 10],[[2, 1], [3, 1], [1, 2], [1, 3], [2, 2], [3, 3]],1006,842,956,543
15930,0,3,48,[2, 1, 6, 5, 11, 10],[[2, 1], [3, 1], [1, 2], [1, 3], [2, 2], [3, 3]],1010,833,956,543
15947,0,3,48,[2, 1, 6, 5, 11, 10],[[2, 1], [3, 1], [1, 2], [1, 3], [2, 2], [3, 3]],1018,830,956,543
15963,0,3,48,[2, 1, 6, 5, 11, 10],[[2, 1], [3, 1], [1, 2], [1, 3], [2, 2], [3, 3]],1005,825,956,543
15979,0,3,48,[2, 1, 6, 5, 11, 10],[[2, 1], [3, 1], [1, 2], [1, 3], [2, 2], [3, 3]],993,827,956,543
15996,0,3,48,[2, 1, 6, 5, 11, 10],[[2, 1], [3, 1], [1, 2], [1, 3], [2, 2], [3, 3]],988,842,956,543
16012,0,3,48,[2, 1, 6, 5, 11, 10],[[2, 1], [3, 1], [1, 2], [1, 3], [2, 2], [3, 3]],968,856,956,543
16029,0,3,48,[2, 1, 6, 5, 11, 10],[[2, 1], [3, 1], [1, 2], [1, 3], [2, 2], [3, 3]],968,862,956,543
16046,0,3,48,[2, 1, 6, 5, 11, 10],[[2, 1], [3, 1], [1, 2], [1, 3], [2, 2], [3, 3]],963,859,956,543
16062,0,3,48,[2, 1, 6, 5, 11, 10],[[2, 1], [3, 1], [1, 2], [1, 3], [2, 2], [3, 3]],988,871,956,543
16079,0,3,48,[2, 1, 6, 5, 11, 10],[[2, 1], [3, 1], [1, 2], [1, 3], [2, 2], [3, 3]],1004,878,956,543
16096,0,3,48,[2, 1, 6, 5, 11, 10],[[2, 1], [3, 1], [1, 2], [1, 3], [2, 2], [3, 3]],997,879,956,543
16112,0,3,48,[2, 1, 6, 5, 11, 10],[[2, 1], [3, 1], [1, 2], [1, 3], [2, 2], [3, 3]],1003,879,956,543
16129,0,3,48,[2, 1, 6, 5, 11, 10],[[2, 1], [3, 1], [1, 2], [1, 3], [2, 2], [3, 3]],997,874,956,543
16146,0,3,48,[2, 1, 6, 5, 11, 10],[[2, 1], [3, 1], [1, 2], [1, 3], [2, 2], [3, 3]],1013,868,956,543
16162,0,3,48,[2, 1, 6, 5, 11, 10],[[2, 1], [3, 1], [1, 2], [1, 3], [2, 2], [3, 3]],999,894,956,543
16178,0,3,48,[2, 1, 6, 5, 11, 10],[[2, 1], [3, 1], [1, 2], [1, 3], [2, 2], [3, 3]],1006,876,956,543
16194,0,3,48,[2, 1, 6, 5, 11, 10],[[2, 1], [3, 1], [1, 2], [1, 3], [2, 2], [3, 3]],1023,885,956,543
16210,0,3,48,[2, 1, 6, 5, 11, 10],[[2, 1], [3, 1], [1, 2], [1, 3], [2, 2], [3, 3]],1011,894,956,543
16226,0,3,48,[2, 1, 6, 5, 11, 10],[[2, 1], [3, 1], [1, 2], [1, 3], [2, 2], [3, 3]],1016,925,956,543
16242,0,3,48,[2, 1, 6, 5, 11, 10],[[2, 1], [3, 1], [1, 2], [1, 3], [2, 2], [3, 3]],1038,949,956,543
16258,0,3,48,[2, 1, 6, 5, 11, 10],[[2, 1], [3, 1], [1, 2], [1, 3], [2, 2], [3, 3]],1046,940,956,543
16274,0,3,48,[2, 1, 6, 5, 11, 10],[[2, 1], [3, 1], [1, 2], [1, 3], [2, 2], [3, 3]],1035,959,956,543
16290,0,3,48,[2, 1, 6, 5, 11, 10],[[2, 1], [3, 1], [1, 2], [1, 3], [2, 2], [3, 3]],1037,929,956,543
16306,0,3,48,[2, 1, 6, 5, 11, 10],[[2, 1], [3, 1], [1, 2], [1, 3], [2, 2], [3, 3]],1047,918,956,543
16323,0,3,48,[2, 1, 6, 5, 11, 10],[[2, 1], [3, 1], [1, 2], [1, 3], [2, 2], [3, 3]],1051,926,956,543
16339,0,3,48,[2, 1, 6, 5, 11, 10],[[2, 1], [3, 1], [1, 2], [1, 3], [2, 2], [3, 3]],1058,923,956,543
16356,0,3,48,[2, 1, 6, 5, 11, 10],[[2, 1], [3, 1], [1, 2], [1, 3], [2, 2], [3, 3]],1057,914,956,543
16372,0,3,48,[2, 1, 6, 5, 11, 10],[[2, 1], [3, 1], [1, 2], [1, 3], [2, 2], [3, 3]],1058,914,956,543
16388,0,3,48,[2, 1, 6, 5, 11, 10],[[2, 1], [3, 1], [1, 2], [1, 3], [2, 2], [3, 3]],1059,911,956,543
16404,0,3,48,[2, 1, 6, 5, 11, 10],[[2, 1], [3, 1], [1, 2], [1, 3], [2, 2], [3, 3]],1057,894,956,543
16420,0,3,48,[2, 1, 6, 5, 11, 10],[[2, 1], [3, 1], [1, 2], [1, 3], [2, 2], [3, 3]],1042,861,956,543
16436,0,3,48,[2, 1, 6, 5, 11, 10],[[2, 1], [3, 1], [1, 2], [1, 3], [2, 2], [3, 3]],1040,863,956,543
16452,0,3,48,[2, 1, 6, 5, 11, 10],[[2, 1], [3, 1], [1, 2], [1, 3], [2, 2], [3, 3]],1044,858,956,543
16468,0,3,48,[2, 1, 6, 5, 11, 10],[[2, 1], [3, 1], [1, 2], [1, 3], [2, 2], [3, 3]],1051,853,956,543
16485,0,3,48,[2, 1, 6, 5, 11, 10],[[2, 1], [3, 1], [1, 2], [1, 3], [2, 2], [3, 3]],1066,845,956,543
16501,0,3,48,[2, 1, 6, 5, 11, 10],[[2, 1], [3, 1], [1, 2], [1, 3], [2, 2], [3, 3]],1055,827,956,543
16517,0,3,48,[2, 1, 6, 5, 11, 10],[[2, 1], [3, 1], [1, 2], [1, 3], [2, 2], [3, 3]],1063,810,956,543
16533,0,3,48,[2, 1, 6, 5, 11, 10],[[2, 1], [3, 1], [1, 2], [1, 3], [2, 2], [3, 3]],1063,809,956,543
16549,0,3,48,[2, 1, 6, 5, 11, 10],[[2, 1], [3, 1], [1, 2], [1, 3], [2, 2], [3, 3]],1048,807,956,543
16565,0,3,48,[2, 1, 6, 5, 11, 10],[[2, 1], [3, 1], [1, 2], [1, 3], [2, 2], [3, 3]],1068,817,956,543
16581,0,3,48,[2, 1, 6, 5, 11, 10],[[2, 1], [3, 1], [1, 2], [1, 3], [2, 2], [3, 3]],1092,820,956,543
16597,0,3,48,[2, 1, 6, 5, 11, 10],[[2, 1], [3, 1], [1, 2], [1, 3], [2, 2], [3, 3]],1097,826,956,543
16614,0,3,48,[2, 1, 6, 5, 11, 10],[[2, 1], [3, 1], [1, 2], [1, 3], [2, 2], [3, 3]],1091,846,956,543
16630,0,3,48,[2, 1, 6, 5, 11, 10],[[2, 1], [3, 1], [1, 2], [1, 3], [2, 2], [3, 3]],1108,854,956,543
16646,0,3,48,[2, 1, 6, 5, 11, 10],[[2, 1], [3, 1], [1, 2], [1, 3], [2, 2], [3, 3]],1093,873,956,543
16663,0,3,48,[2, 1, 6, 5, 11, 10],[[2, 1], [3, 1], [1, 2], [1, 3], [2, 2], [3, 3]],1075,895,956,543
16680,0,3,48,[2, 1, 6, 5, 11, 10],[[2, 1], [3, 1], [1, 2], [1, 3], [2, 2], [3, 3]],1090,890,956,543
16697,0,3,48,[2, 1, 6, 5, 11, 10],[[2, 1], [3, 1], [1, 2], [1, 3], [2, 2], [3, 3]],1092,900,956,543
16713,0,3,48,[2, 1, 6, 5, 11, 10],[[2, 1], [3, 1], [1, 2], [1, 3], [2, 2], [3, 3]],1090,881,956,543
16730,0,3,48,[2, 1, 6, 5, 11, 10],[[2, 1], [3, 1], [1, 2], [1, 3], [2, 2], [3, 3]],1092,889,956,543
16747,0,3,48,[2, 1, 6, 5, 11, 10],[[2, 1], [3, 1], [1, 2], [1, 3], [2, 2], [3, 3]],1106,892,956,543
16764,0,3,48,[2, 1, 6, 5, 11, 10],[[2, 1], [3, 1], [1, 2], [1, 3], [2, 2], [3, 3]],1125,901,956,543
16781,0,3,48,[2, 1, 6, 5, 11, 10],[[2, 1], [3, 1], [1, 2], [1, 3], [2, 2], [3, 3]],1112,894,956,543
16797,0,3,48,[2, 1, 6, 5, 11, 10],[[2, 1], [3, 1], [1, 2], [1, 3], [2, 2], [3, 3]],1140,908,956,543
16814,0,4,96,[2, 1, 6, 5, 11, 10],[[1, 3], [2, 3], [3, 2], [3, 3], [1, 1], [2, 2]],1160,896,956,543
16831,0,4,96,[2, 1, 6, 5, 11, 10],[[1, 3], [2, 3], [3, 2], [3, 3], [1, 1], [2, 2]],1160,874,956,543
16848,0,4,96,[2, 1, 6, 5, 11, 10],[[1, 3], [2, 3], [3, 2], [3, 3], [1, 1], [2, 2]],1146,864,956,543
16865,0,4,96,[2, 1, 6, 5, 11, 10],[[1, 3], [2, 3], [3, 2], [3, 3], [1, 1], [2, 2]],1175,862,956,543
16882,0,4,96,[2, 1, 6, 5, 11, 10],[[1, 3], [2, 3], [3, 2], [3, 3], [1, 1], [2, 2]],1174,857,956,543
16898,0,4,96,[2, 1, 6, 5, 11, 10],[[1, 3], [2, 3], [3, 2], [3, 3], [1, 1], [2, 2]],1169,871,956,543
16915,0,4,96,[2, 1, 6, 5, 11, 10],[[1, 3], [2, 3], [3, 2], [3, 3], [1, 1], [2, 2]],1167,894,956,543
16931,0,4,96,[2, 1, 6, 5, 11, 10],[[1, 3], [2, 3], [3, 2], [3, 3], [1, 1], [2, 2]],1173,908,956,543
16947,0,4,96,[2, 1, 6, 5, 11, 10],[[1, 3], [2, 3], [3, 2], [3, 3], [1, 1], [2, 2]],1164,887,956,543
16964,0,4,96,[2, 1, 6, 5, 11, 10],[[1, 3], [2, 3], [3, 2], [3, 3], [1, 1], [2, 2]],1159,890,956,543
16980,0,4,96,[2, 1, 6, 5, 11, 10],[[1, 3], [2, 3], [3, 2], [3, 3], [1, 1], [2, 2]],1152,901,956,543
16996,0,4,96,[2, 1, 6, 5, 11, 10],[[1, 3], [2, 3], [3, 2], [3, 3], [1, 1], [2, 2]],1164,899,956,543
17012,0,4,96,[2, 1, 6, 5, 11, 10],[[1, 3], [2, 3], [3, 2], [3, 3], [1, 1], [2, 2]],1128,884,956,543
17028,0,4,96,[2, 1, 6, 5, 11, 10],[[1, 3], [2, 3], [3, 2], [3, 3], [1, 1], [2, 2]],1125,877,956,543
17044,0,4,96,[2, 1, 6, 5, 11, 10],[[1, 3], [2, 3], [3, 2], [3, 3], [1, 1], [2, 2]],1115,879,956,543
17060,0,4,96,[2, 1, 6, 5, 11, 10],[[1, 3], [2, 3], [3, 2], [3, 3], [1, 1], [2, 2]],1108,873,956,543
17076,0,4,96,[2, 1, 6, 5, 11, 10],[[1, 3], [2, 3], [3, 2], [3, 3], [1, 1], [2, 2]],1117,875,956,543
17093,0,4,96,[2, 1, 6, 5, 11, 10],[[1, 3], [2, 3], [3, 2], [3, 3], [1, 1], [2, 2]],1113,881,956,543
17108,0,4,96,[2, 1, 6, 5, 11, 10],[[1, 3], [2, 3], [3, 2], [3, 3], [1, 1], [2, 2]],1116,889,956,543
17124,0,4,96,[2, 1, 6, 5, 11, 10],[[1, 3], [2, 3], [3, 2], [3, 3], [1, 1], [2, 2]],1106,907,956,543
17140,0,4,96,[2, 1, 6, 5, 11, 10],[[1, 3], [2, 3], [3, 2], [3, 3], [1, 1], [2, 2]],1089,912,956,543
17156,0,4,96,[2, 1, 6, 5, 11, 10],[[1, 3], [2, 3], [3, 2], [3, 3], [1, 1], [2, 2]],1093,925,956,543
17172,0,4,96,[2, 1, 6, 5, 11, 10],[[1, 3], [2, 3], [3, 2], [3, 3], [1, 1], [2, 2]],1107,937,956,543
17188,0,4,96,[2, 1, 6, 5, 11, 10],[[1, 3], [2, 3], [3, 2], [3, 3], [1, 1], [2, 2]],1118,923,956,543
17204,0,4,96,[2, 1, 6, 5, 11, 10],[[1, 3], [2, 3], [3, 2], [3, 3], [1, 1], [2, 2]],1143,920,956,543
17220,0,4,96,[2, 1, 6, 5, 11, 10],[[1, 3], [2, 3], [3, 2], [3, 3], [1, 1], [2, 2]],1138,907,956,543
17236,0,4,96,[2, 1, 6, 5, 11, 10],[[1, 3], [2, 3], [3, 2], [3, 3], [1, 1], [2, 2]],1151,926,956,543
17252,0,4,96,[2, 1, 6, 5, 11, 10],[[1, 3], [2, 3], [3, 2], [3, 3], [1, 1], [2, 2]],1136,946,956,543
17268,0,4,96,[2, 1, 6, 5, 11, 10],[[1, 3], [2, 3], [3, 2], [3, 3], [1, 1], [2, 2]],1148,945,956,543
17284,0,4,96,[2, 1, 6, 5, 11, 10],[[1, 3], [2, 3], [3, 2], [3, 3], [1, 1], [2, 2]],1122,937,956,543
17300,0,4,96,[2, 1, 6, 5, 11, 10],[[1, 3], [2, 3], [3, 2], [3, 3], [1, 1], [2, 2]],1134,941,956,543
17317,0,4,96,[2, 1, 6, 5, 11, 10],[[1, 3], [2, 3], [3, 2], [3, 3], [1, 1], [2, 2]],1118,951,956,543
17334,0,4,96,[2, 1, 6, 5, 11, 10],[[1, 3], [2, 3], [3, 2], [3, 3], [1, 1], [2, 2]],1119,927,956,543
17350,0,4,96,[2, 1, 6, 5, 11, 10],[[1, 3], [2, 3], [3, 2], [3, 3], [1, 1], [2, 2]],1113,934,956,543
17366,0,4,96,[2, 1, 6, 5, 11, 10],[[1, 3], [2, 3], [3, 2], [3, 3], [1, 1], [2, 2]],1130,957,956,543
17382,0,4,96,[2, 1, 6, 5, 11, 10],[[1, 3], [2, 3], [3, 2], [3, 3], [1, 1], [2, 2]],1126,947,956,543
17398,0,4,96,[2, 1, 6, 5, 11, 10],[[1, 3], [2, 3], [3, 2], [3, 3], [1, 1], [2, 2]],1120,940,956,543
17414,0,4,96,[2, 1, 6, 5, 11, 10],[[1, 3], [2, 3], [3, 2], [3, 3], [1, 1], [2, 2]],1123,948,956,543
17431,0,4,96,[2, 1, 6, 5, 11, 10],[[1, 3], [2, 3], [3, 2], [3, 3], [1, 1], [2, 2]],1136,952,956,543
17447,0,4,96,[2, 1, 6, 5, 11, 10],[[1, 3], [2, 3], [3, 2], [3, 3], [1, 1], [2, 2]],1143,955,956,543
17464,0,4,96,[2, 1, 6, 5, 11, 10],[[1, 3], [2, 3], [3, 2], [3, 3], [1, 1], [2, 2]],1131,942,956,543
17481,0,4,96,[2, 1, 6, 5, 11, 10],[[1, 3], [2, 3], [3, 2], [3, 3], [1, 1], [2, 2]],1141,936,956,543
17497,0,4,96,[2, 1, 6, 5, 11, 10],[[1, 3], [2, 3], [3, 2], [3, 3], [1, 1], [2, 2]],1123,932,956,543
17514,0,4,96,[2, 1, 6, 5, 11, 10],[[1, 3], [2, 3], [3, 2], [3, 3], [1, 1], [2, 2]],1121,941,956,543
17531,0,4,96,[2, 1, 6, 5, 11, 10],[[1, 3], [2, 3], [3, 2], [3, 3], [1, 1], [2, 2]],1106,929,956,543
17547,0,4,96,[2, 1, 6, 5, 11, 10],[[1, 3], [2, 3], [3, 2], [3, 3], [1, 1], [2, 2]],1115,941,956,543
17564,0,4,96,[2, 1, 6, 5, 11, 10],[[1, 3], [2, 3], [3, 2], [3, 3], [1, 1], [2, 2]],1104,934,956,543
17581,0,4,96,[2, 1, 6, 5, 11, 10],[[1, 3], [2, 3], [3, 2], [3, 3], [1, 1], [2, 2]],1096,925,956,543
17597,0,4,96,[2, 1, 6, 5, 11, 10],[[1, 3], [2, 3], [3, 2], [3, 3], [1, 1], [2, 2]],1092,928,956,543
17614,0,4,96,[2, 1, 6, 5, 11, 10],[[1, 3], [2, 3], [3, 2], [3, 3], [1, 1], [2, 2]],1082,937,956,543
17631,0,4,96,[2, 1, 6, 5, 11, 10],[[1, 3], [2, 3], [3, 2], [3, 3], [1, 1], [2, 2]],1085,935,956,543
17647,0,4,96,[2, 1, 6, 5, 11, 10],[[1, 3], [2, 3], [3, 2], [3, 3], [1, 1], [2, 2]],1094,949,956,543
17664,0,4,96,[2, 1, 6, 5, 11, 10],[[1, 3], [2, 3], [3, 2], [3, 3], [1, 1], [2, 2]],1102,966,956,543
17681,0,4,96,[2, 1, 6, 5, 11, 10],[[1, 3], [2, 3], [3, 2], [3, 3], [1, 1], [2, 2]],1113,956,956,543
17697,0,4,96,[2, 1, 6, 5, 11, 10],[[1, 3], [2, 3], [3, 2], [3, 3], [1, 1], [2, 2]],1118,949,956,543
17714,0,4,96,[2, 1, 6, 5, 11, 10],[[1, 3], [2, 3], [3, 2], [3, 3], [1, 1], [2, 2]],1129,935,956,543
17731,0,4,96,[2, 1, 6, 5, 11, 10],[[1, 3], [2, 3], [3, 2], [3, 3], [1, 1], [2, 2]],1132,946,956,543
17748,0,4,96,[2, 1, 6, 5, 11, 10],[[1, 3], [2, 3], [3, 2], [3, 3], [1, 1], [2, 2]],1132,963,956,543
17764,0,4,96,[2, 1, 6, 5, 11, 10],[[1, 3], [2, 3], [3, 2], [3, 3], [1, 1], [2, 2]],1126,929,956,543
17781,0,4,96,[2, 1, 6, 5, 11, 10],[[1, 3], [2, 3], [3, 2], [3, 3], [1, 1], [2, 2]],1101,947,956,543
17797,0,4,96,[2, 1, 6, 5, 11, 10],[[1, 3], [2, 3], [3, 2], [3, 3], [1, 1], [2, 2]],1099,961,956,543
17814,0,4,96,[2, 1, 6, 5, 11, 10],[[1, 3], [2, 3], [3, 2], [3, 3], [1, 1], [2, 2]],1103,919,956,543
17831,0,4,96,[2, 1, 6, 5, 11, 10],[[1, 3], [2, 3], [3, 2], [3, 3], [1, 1], [2, 2]],1087,892,956,543
17847,0,4,96,[2, 1, 6, 5, 11, 10],[[1, 3], [2, 3], [3, 2], [3, 3], [1, 1], [2, 2]],1073,895,956,543
17863,0,4,96,[2, 1, 6, 5, 11, 10],[[1, 3], [2, 3], [3, 2], [3, 3], [1, 1], [2, 2]],1076,909,956,543
17880,0,4,96,[2, 1, 6, 5, 11, 10],[[1, 3], [2, 3], [3, 2], [3, 3], [1, 1], [2, 2]],1068,935,956,543
17896,0,4,96,[2, 1, 6, 5, 11, 10],[[1, 3], [2, 3], [3, 2], [3, 3], [1, 1], [2, 2]],1083,928,956,543
17912,0,4,96,[2, 1, 6, 5, 11, 10],[[1, 3], [2, 3], [3, 2], [3, 3], [1, 1], [2, 2]],1063,955,956,543
17929,0,4,96,[2, 1, 6, 5, 11, 10],[[1, 3], [2, 3], [3, 2], [3, 3], [1, 1], [2, 2]],1047,938,956,543
17945,0,4,96,[2, 1, 6, 5, 11, 10],[[1, 3], [2, 3], [3, 2], [3, 3], [1, 1], [2, 2]],1049,926,956,543
17961,0,4,96,[2, 1, 6, 5, 11, 10],[[1, 3], [2, 3], [3, 2], [3, 3], [1, 1], [2, 2]],1040,895,956,543
17977,0,4,96,[2, 1, 6, 5, 11, 10],[[1, 3], [2, 3], [3, 2], [3, 3], [1, 1], [2, 2]],1034,907,956,543
17993,0,4,96,[2, 1, 6, 5, 11, 10],[[1, 3], [2, 3], [3, 2], [3, 3], [1, 1], [2, 2]],1037,897,956,543
18009,0,4,96,[2, 1, 6, 5, 11, 10],[[1, 3], [2, 3], [3, 2], [3, 3], [1, 1], [2, 2]],1047,907,956,543
18025,0,4,96,[2, 1, 6, 5, 11, 10],[[1, 3], [2, 3], [3, 2], [3, 3], [1, 1], [2, 2]],1061,899,956,543
18041,0,4,96,[2, 1, 6, 5, 11, 10],[[1, 3], [2, 3], [3, 2], [3, 3], [1, 1], [2, 2]],1033,908,956,543
18057,0,4,96,[2, 1, 6, 5, 11, 10],[[1, 3], [2, 3], [3, 2], [3, 3], [1, 1], [2, 2]],1033,932,956,543
18073,0,4,96,[2, 1, 6, 5, 11, 10],[[1, 3], [2, 3], [3, 2], [3, 3], [1, 1], [2, 2]],1030,940,956,543
18089,0,4,96,[2, 1, 6, 5, 11, 10],[[1, 3], [2, 3], [3, 2], [3, 3], [1, 1], [2, 2]],1035,935,956,543
18105,0,4,96,[2, 1, 6, 5, 11, 10],[[1, 3], [2, 3], [3, 2], [3, 3], [1, 1], [2, 2]],1053,942,956,543
18121,0,4,96,[2, 1, 6, 5, 11, 10],[[1, 3], [2, 3], [3, 2], [3, 3], [1, 1], [2, 2]],1067,947,956,543
18137,0,4,96,[2, 1, 6, 5, 11, 10],[[1, 3], [2, 3], [3, 2], [3, 3], [1, 1], [2, 2]],1070,950,956,543
18153,0,4,96,[2, 1, 6, 5, 11, 10],[[1, 3], [2, 3], [3, 2], [3, 3], [1, 1], [2, 2]],1053,960,956,543
18169,0,4,96,[2, 1, 6, 5, 11, 10],[[1, 3], [2, 3], [3, 2], [3, 3], [1, 1], [2, 2]],1037,942,956,543
18185,0,4,96,[2, 1, 6, 5, 11, 10],[[1, 3], [2, 3], [3, 2], [3, 3], [1, 1], [2, 2]],1009,950,956,543
18201,0,4,96,[2, 1, 6, 5, 11, 10],[[1, 3], [2, 3], [3, 2], [3, 3], [1, 1], [2, 2]],1013,939,956,543
18217,0,4,96,[2, 1, 6, 5, 11, 10],[[1, 3], [2, 3], [3, 2], [3, 3], [1, 1], [2, 2]],1020,931,956,543
18233,0,4,96,[2, 1, 6, 5, 11, 10],[[1, 3], [2, 3], [3, 2], [3, 3], [1, 1], [2, 2]],1011,912,956,543
18250,0,4,96,[2, 1, 6, 5, 11, 10],[[1, 3], [2, 3], [3, 2], [3, 3], [1, 1], [2, 2]],983,893,956,543
18266,0,4,96,[2, 1, 6, 5, 11, 10],[[1, 3], [2, 3], [3, 2], [3, 3], [1, 1], [2, 2]],980,886,956,543
18282,0,4,96,[2, 1, 6, 5, 11, 10],[[1, 3], [2, 3], [3, 2], [3, 3], [1, 1], [2, 2]],954,889,956,543
18299,0,4,96,[2, 1, 6, 5, 11, 10],[[1, 3], [2, 3], [3, 2], [3, 3], [1, 1], [2, 2]],933,892,956,543
18315,0,4,96,[2, 1, 6, 5, 11, 10],[[1, 3], [2, 3], [3, 2], [3, 3], [1, 1], [2, 2]],907,896,956,543
18331,0,4,96,[2, 1, 6, 5, 11, 10],[[1, 3], [2, 3], [3, 2], [3, 3], [1, 1], [2, 2]],909,909,956,543
18348,0,4,96,[2, 1, 6, 5, 11, 10],[[1, 3], [2, 3], [3, 2], [3, 3], [1, 1], [2, 2]],901,898,956,543
18365,0,4,96,[2, 1, 6, 5, 11, 10],[[1, 3], [2, 3], [3, 2], [3, 3], [1, 1], [2, 2]],874,878,956,543
18382,0,4,96,[2, 1, 6, 5, 11, 10],[[1, 3], [2, 3], [3, 2], [3, 3], [1, 1], [2, 2]],902,883,956,543
18399,0,4,96,[2, 1, 6, 5, 11, 10],[[1, 3], [2, 3], [3, 2], [3, 3], [1, 1], [2, 2]],921,895,956,543
18421,0,4,96,[2, 1, 6, 5, 11, 10],[[1, 3], [2, 3], [3, 2], [3, 3], [1, 1], [2, 2]],915,901,956,543
18437,0,4,96,[2, 1, 6, 5, 11, 10],[[1, 3], [2, 3], [3, 2], [3, 3], [1, 1], [2, 2]],893,897,956,543
18454,0,4,96,[2, 1, 6, 5, 11, 10],[[1, 3], [2, 3], [3, 2], [3, 3], [1, 1], [2, 2]],892,902,956,543
18471,0,4,96,[2, 1, 6, 5, 11, 10],[[1, 3], [2, 3], [3, 2], [3, 3], [1, 1], [2, 2]],883,907,956,543
18487,0,4,96,[2, 1, 6, 5, 11, 10],[[1, 3], [2, 3], [3, 2], [3, 3], [1, 1], [2, 2]],887,939,956,543
18503,0,4,96,[2, 1, 6, 5, 11, 10],[[1, 3], [2, 3], [3, 2], [3, 3], [1, 1], [2, 2]],872,942,956,543
18519,0,4,96,[2, 1, 6, 5, 11, 10],[[1, 3], [2, 3], [3, 2], [3, 3], [1, 1], [2, 2]],871,948,956,543
18535,0,4,96,[2, 1, 6, 5, 11, 10],[[1, 3], [2, 3], [3, 2], [3, 3], [1, 1], [2, 2]],868,933,956,543
18551,0,4,96,[2, 1, 6, 5, 11, 10],[[1, 3], [2, 3], [3, 2], [3, 3], [1, 1], [2, 2]],858,960,956,543
18567,0,4,96,[2, 1, 6, 5, 11, 10],[[1, 3], [2, 3], [3, 2], [3, 3], [1, 1], [2, 2]],814,927,956,543
18583,0,4,96,[2, 1, 6, 5, 11, 10],[[1, 3], [2, 3], [3, 2], [3, 3], [1, 1], [2, 2]],820,914,956,543
18600,0,4,96,[2, 1, 6, 5, 11, 10],[[1, 3], [2, 3], [3, 2], [3, 3], [1, 1], [2, 2]],806,927,956,543
18616,0,4,96,[2, 1, 6, 5, 11, 10],[[1, 3], [2, 3], [3, 2], [3, 3], [1, 1], [2, 2]],819,918,956,543
18632,0,4,96,[2, 1, 6, 5, 11, 10],[[1, 3], [2, 3], [3, 2], [3, 3], [1, 1], [2, 2]],813,904,956,543
18648,0,4,96,[2, 1, 6, 5, 11, 10],[[1, 3], [2, 3], [3, 2], [3, 3], [1, 1], [2, 2]],794,897,956,543
18664,0,4,96,[2, 1, 6, 5, 11, 10],[[1, 3], [2, 3], [3, 2], [3, 3], [1, 1], [2, 2]],792,917,956,543
18681,0,4,96,[2, 1, 6, 5, 11, 10],[[1, 3], [2, 3], [3, 2], [3, 3], [1, 1], [2, 2]],792,915,956,543
18698,0,4,96,[2, 1, 6, 5, 11, 10],[[1, 3], [2, 3], [3, 2], [3, 3], [1, 1], [2, 2]],797,918,956,543
18715,0,4,96,[2, 1, 6, 5, 11, 10],[[1, 3], [2, 3], [3, 2], [3, 3], [1, 1], [2, 2]],774,897,956,543
18731,0,4,96,[2, 1, 6, 5, 11, 10],[[1, 3], [2, 3], [3, 2], [3, 3], [1, 1], [2, 2]],775,889,956,543
18748,0,4,96,[2, 1, 6, 5, 11, 10],[[1, 3], [2, 3], [3, 2], [3, 3], [1, 1], [2, 2]],777,904,956,543
18764,0,4,96,[2, 1, 6, 5, 11, 10],[[1, 3], [2, 3], [3, 2], [3, 3], [1, 1], [2, 2]],781,912,956,543
18781,0,4,96,[2, 1, 6, 5, 11, 10],[[1, 3], [2, 3], [3, 2], [3, 3], [1, 1], [2, 2]],765,897,956,543
18798,0,4,96,[2, 1, 6, 5, 11, 10],[[1, 3], [2, 3], [3, 2], [3, 3], [1, 1], [2, 2]],773,896,956,543
18814,0,4,96,[2, 1, 6, 5, 11, 10],[[1, 3], [2, 3], [3, 2], [3, 3], [1, 1], [2, 2]],792,909,956,543
18830,0,4,96,[2, 1, 6, 5, 11, 10],[[1, 3], [2, 3], [3, 2], [3, 3], [1, 1], [2, 2]],804,935,956,543
18846,0,4,96,[2, 1, 6, 5, 11, 10],[[1, 3], [2, 3], [3, 2], [3, 3], [1, 1], [2, 2]],802,947,956,543
18862,0,4,96,[2, 1, 6, 5, 11, 10],[[1, 3], [2, 3], [3, 2], [3, 3], [1, 1], [2, 2]],805,957,956,543
18878,0,4,96,[2, 1, 6, 5, 11, 10],[[1, 3], [2, 3], [3, 2], [3, 3], [1, 1], [2, 2]],788,927,956,543
18894,0,4,96,[2, 1, 6, 5, 11, 10],[[1, 3], [2, 3], [3, 2], [3, 3], [1, 1], [2, 2]],778,942,956,543
18910,0,4,96,[2, 1, 6, 5, 11, 10],[[1, 3], [2, 3], [3, 2], [3, 3], [1, 1], [2, 2]],781,945,956,543
18927,0,4,96,[2, 1, 6, 5, 11, 10],[[1, 3], [2, 3], [3, 2], [3, 3], [1, 1], [2, 2]],788,951,956,543
18944,0,4,96,[2, 1, 6, 5, 11, 10],[[1, 3], [2, 3], [3, 2], [3, 3], [1, 1], [2, 2]],784,962,956,543
18960,0,4,96,[2, 1, 6, 5, 11, 10],[[1, 3], [2, 3], [3, 2], [3, 3], [1, 1], [2, 2]],756,930,956,543
18976,0,4,96,[2, 1, 6, 5, 11, 10],[[1, 3], [2, 3], [3, 2], [3, 3], [1, 1], [2, 2]],751,932,956,543
18993,0,4,96,[2, 1, 6, 5, 11, 10],[[1, 3], [2, 3], [3, 2], [3, 3], [1, 1], [2, 2]],758,923,956,543
19008,0,4,96,[2, 1, 6, 5, 11, 10],[[1, 3], [2, 3], [3, 2], [3, 3], [1, 1], [2, 2]],751,891,956,543
19024,0,4,96,[2, 1, 6, 5, 11, 10],[[1, 3], [2, 3], [3, 2], [3, 3], [1, 1], [2, 2]],748,899,956,543
19040,0,4,96,[2, 1, 6, 5, 11, 10],[[1, 3], [2, 3], [3, 2], [3, 3], [1, 1], [2, 2]],746,888,956,543
19056,0,4,96,[2, 1, 6, 5, 11, 10],[[1, 3], [2, 3], [3, 2], [3, 3], [1, 1], [2, 2]],736,887,956,543
19072,0,4,96,[2, 1, 6, 5, 11, 10],[[1, 3], [2, 3], [3, 2], [3, 3], [1, 1], [2, 2]],717,884,956,543
19088,0,4,96,[2, 1, 6, 5, 11, 10],[[1, 3], [2, 3], [3, 2], [3, 3], [1, 1], [2, 2]],730,884,956,543
19104,0,4,96,[2, 1, 6, 5, 11, 10],[[1, 3], [2, 3], [3, 2], [3, 3], [1, 1], [2, 2]],760,864,956,543
19120,0,4,96,[2, 1, 6, 5, 11, 10],[[1, 3], [2, 3], [3, 2], [3, 3], [1, 1], [2, 2]],759,872,956,543
19136,0,4,96,[2, 1, 6, 5, 11, 10],[[1, 3], [2, 3], [3, 2], [3, 3], [1, 1], [2, 2]],762,885,956,543
19152,0,4,96,[2, 1, 6, 5, 11, 10],[[1, 3], [2, 3], [3, 2], [3, 3], [1, 1], [2, 2]],741,898,956,543
19168,0,4,96,[2, 1, 6, 5, 11, 10],[[1, 3], [2, 3], [3, 2], [3, 3], [1, 1], [2, 2]],740,910,956,543
19184,0,4,96,[2, 1, 6, 5, 11, 10],[[1, 3], [2, 3], [3, 2], [3, 3], [1, 1], [2, 2]],718,890,956,543
19201,0,4,96,[2, 1, 6, 5, 11, 10],[[1, 3], [2, 3], [3, 2], [3, 3], [1, 1], [2, 2]],697,909,956,543
19216,0,4,96,[2, 1, 6, 5, 11, 10],[[1, 3], [2, 3], [3, 2], [3, 3], [1, 1], [2, 2]],673,920,956,543
19232,0,4,96,[2, 1, 6, 5, 11, 10],[[1, 3], [2, 3], [3, 2], [3, 3], [1, 1], [2, 2]],679,919,956,543
19248,0,4,96,[2, 1, 6, 5, 11, 10],[[1, 3], [2, 3], [3, 2], [3, 3], [1, 1], [2, 2]],673,904,956,543
19265,0,4,96,[2, 1, 6, 5, 11, 10],[[1, 3], [2, 3], [3, 2], [3, 3], [1, 1], [2, 2]],642,892,956,543
19282,0,4,96,[2, 1, 6, 5, 11, 10],[[1, 3], [2, 3], [3, 2], [3, 3], [1, 1], [2, 2]],635,908,956,543
19299,0,4,96,[2, 1, 6, 5, 11, 10],[[1, 3], [2, 3], [3, 2], [3, 3], [1, 1], [2, 2]],639,915,956,543
19316,0,4,96,[2, 1, 6, 5, 11, 10],[[1, 3], [2, 3], [3, 2], [3, 3], [1, 1], [2, 2]],631,919,956,543
19333,0,4,96,[2, 1, 6, 5, 11, 10],[[1, 3], [2, 3], [3, 2], [3, 3], [1, 1], [2, 2]],630,904,956,543
19349,0,4,96,[2, 1, 6, 5, 11, 10],[[1, 3], [2, 3], [3, 2], [3, 3], [1, 1], [2, 2]],615,879,956,543
19366,0,4,96,[2, 1, 6, 5, 11, 10],[[1, 3], [2, 3], [3, 2], [3, 3], [1, 1], [2, 2]],617,907,956,543
19383,0,4,96,[2, 1, 6, 5, 11, 10],[[1, 3], [2, 3], [3, 2], [3, 3], [1, 1], [2, 2]],626,894,956,543
19399,0,4,96,[2, 1, 6, 5, 11, 10],[[1, 3], [2, 3], [3, 2], [3, 3], [1, 1], [2, 2]],632,889,956,543
19415,0,4,96,[2, 1, 6, 5, 11, 10],[[1, 3], [2, 3], [3, 2], [3, 3], [1, 1], [2, 2]],612,884,956,543
19431,0,4,96,[2, 1, 6, 5, 11, 10],[[1, 3], [2, 3], [3, 2], [3, 3], [1, 1], [2, 2]],614,893,956,543
19448,0,4,96,[2, 1, 6, 5, 11, 10],[[1, 3], [2, 3], [3, 2], [3, 3], [1, 1], [2, 2]],641,883,956,543
19465,0,4,96,[2, 1, 6, 5, 11, 10],[[1, 3], [2, 3], [3, 2], [3, 3], [1, 1], [2, 2]],636,863,956,543
19481,0,4,96,[2, 1, 6, 5, 11, 10],[[1, 3], [2, 3], [3, 2], [3, 3], [1, 1], [2, 2]],630,864,956,543
19497,0,4,96,[2, 1, 6, 5, 11, 10],[[1, 3], [2, 3], [3, 2], [3, 3], [1, 1], [2, 2]],639,877,956,543
19514,0,4,96,[2, 1, 6, 5, 11, 10],[[1, 3], [2, 3], [3, 2], [3, 3], [1, 1], [2, 2]],631,871,956,543
19530,0,4,96,[2, 1, 6, 5, 11, 10],[[1, 3], [2, 3], [3, 2], [3, 3], [1, 1], [2, 2]],639,866,956,543
19546,0,4,96,[2, 1, 6, 5, 11, 10],[[1, 3], [2, 3], [3, 2], [3, 3], [1, 1], [2, 2]],614,879,956,543
19562,0,4,96,[2, 1, 6, 5, 11, 10],[[1, 3], [2, 3], [3, 2], [3, 3], [1, 1], [2, 2]],594,880,956,543
19578,0,4,96,[2, 1, 6, 5, 11, 10],[[1, 3], [2, 3], [3, 2], [3, 3], [1, 1], [2, 2]],596,843,956,543
19594,0,4,96,[2, 1, 6, 5, 11, 10],[[1, 3], [2, 3], [3, 2], [3, 3], [1, 1], [2, 2]],598,854,956,543
19610,0,4,96,[2, 1, 6, 5, 11, 10],[[1, 3], [2, 3], [3, 2], [3, 3], [1, 1], [2, 2]],591,869,956,543
19626,0,4,96,[2, 1, 6, 5, 11, 10],[[1, 3], [2, 3], [3, 2], [3, 3], [1, 1], [2, 2]],582,867,956,543
19642,0,4,96,[2, 1, 6, 5, 11, 10],[[1, 3], [2, 3], [3, 2], [3, 3], [1, 1], [2, 2]],575,851,956,543
19658,0,4,96,[2, 1, 6, 5, 11, 10],[[1, 3], [2, 3], [3, 2], [3, 3], [1, 1], [2, 2]],585,851,956,543
19674,0,4,96,[2, 1, 6, 5, 11, 10],[[1, 3], [2, 3], [3, 2], [3, 3], [1, 1], [2, 2]],610,842,956,543
19690,0,4,96,[2, 1, 6, 5, 11, 10],[[1, 3], [2, 3], [3, 2], [3, 3], [1, 1], [2, 2]],630,859,956,543
19706,0,4,96,[2, 1, 6, 5, 11, 10],[[1, 3], [2, 3], [3, 2], [3, 3], [1, 1], [2, 2]],644,876,956,543
19723,0,4,96,[2, 1, 6, 5, 11, 10],[[1, 3], [2, 3], [3, 2], [3, 3], [1, 1], [2, 2]],650,884,956,543
19739,0,4,96,[2, 1, 6, 5, 11, 10],[[1, 3], [2, 3], [3, 2], [3, 3], [1, 1], [2, 2]],660,887,956,543
19755,0,4,96,[2, 1, 6, 5, 11, 10],[[1, 3], [2, 3], [3, 2], [3, 3], [1, 1], [2, 2]],661,924,956,543
19771,0,4,96,[2, 1, 6, 5, 11, 10],[[1, 3], [2, 3], [3, 2], [3, 3], [1, 1], [2, 2]],654,924,956,543
19787,0,4,96,[2, 1, 6, 5, 11, 10],[[1, 3], [2, 3], [3, 2], [3, 3], [1, 1], [2, 2]],674,909,956,543
19803,0,4,96,[2, 1, 6, 5, 11, 10],[[1, 3], [2, 3], [3, 2], [3, 3], [1, 1], [2, 2]],698,911,956,543
19819,0,4,96,[2, 1, 6, 5, 11, 10],[[1, 3], [2, 3], [3, 2], [3, 3], [1, 1], [2, 2]],695,890,956,543
19836,0,4,96,[2, 1, 6, 5, 11, 10],[[1, 3], [2, 3], [3, 2], [3, 3], [1, 1], [2, 2]],693,885,956,543
19852,0,4,96,[2, 1, 6, 5, 11, 10],[[1, 3], [2, 3], [3, 2], [3, 3], [1, 1], [2, 2]],714,890,956,543
19868,0,4,96,[2, 1, 6, 5, 11, 10],[[1, 3], [2, 3], [3, 2], [3, 3], [1, 1], [2, 2]],729,884,956,543
19884,0,4,96,[2, 1, 6, 5, 11, 10],[[1, 3], [2, 3], [3, 2], [3, 3], [1, 1], [2, 2]],732,887,956,543
19900,0,4,96,[2, 1, 6, 5, 11, 10],[[1, 3], [2, 3], [3, 2], [3, 3], [1, 1], [2, 2]],738,913,956,543
19916,0,4,96,[2, 1, 6, 5, 11, 10],[[1, 3], [2, 3], [3, 2], [3, 3], [1, 1], [2, 2]],727,920,956,543
19933,0,4,96,[2, 1, 6, 5, 11, 10],[[1, 3], [2, 3], [3, 2], [3, 3], [1, 1], [2, 2]],728,941,956,543
19949,0,4,96,[2, 1, 6, 5, 11, 10],[[1, 3], [2, 3], [3, 2], [3, 3], [1, 1], [2, 2]],743,917,956,543
19966,0,4,96,[2, 1, 6, 5, 11, 10],[[1, 3], [2, 3], [3, 2], [3, 3], [1, 1], [2, 2]],751,943,956,543
19983,0,4,96,[2, 1, 6, 5, 11, 10],[[1, 3], [2, 3], [3, 2], [3, 3], [1, 1], [2, 2]],759,942,956,543
19999,0,4,96,[2, 1, 6, 5, 11, 10],[[1, 3], [2, 3], [3, 2], [3, 3], [1, 1], [2, 2]],748,932,956,543
20015,0,4,96,[2, 1, 6, 5, 11, 10],[[1, 3], [2, 3], [3, 2], [3, 3], [1, 1], [2, 2]],768,907,956,543
20032,0,4,96,[2, 1, 6, 5, 11, 10],[[1, 3], [2, 3], [3, 2], [3, 3], [1, 1], [2, 2]],779,925,956,543
20048,0,4,96,[2, 1, 6, 5, 11, 10],[[1, 3], [2, 3], [3, 2], [3, 3], [1, 1], [2, 2]],759,904,956,543
20065,0,4,96,[2, 1, 6, 5, 11, 10],[[1, 3], [2, 3], [3, 2], [3, 3], [1, 1], [2, 2]],762,887,956,543
20082,0,4,96,[2, 1, 6, 5, 11, 10],[[1, 3], [2, 3], [3, 2], [3, 3], [1, 1], [2, 2]],738,915,956,543
20099,0,4,96,[2, 1, 6, 5, 11, 10],[[1, 3], [2, 3], [3, 2], [3, 3], [1, 1], [2, 2]],736,900,956,543
20116,0,4,96,[2, 1, 6, 5, 11, 10],[[1, 3], [2, 3], [3, 2], [3, 3], [1, 1], [2, 2]],747,908,956,543
20133,0,4,96,[2, 1, 6, 5, 11, 10],[[1, 3], [2, 3], [3, 2], [3, 3], [1, 1], [2, 2]],733,899,956,543
20149,0,4,96,[2, 1, 6, 5, 11, 10],[[1, 3], [2, 3], [3, 2], [3, 3], [1, 1], [2, 2]],732,886,956,543
20165,0,4,96,[2, 1, 6, 5, 11, 10],[[1, 3], [2, 3], [3, 2], [3, 3], [1, 1], [2, 2]],750,869,956,543
20182,0,4,96,[2, 1, 6, 5, 11, 10],[[1, 3], [2, 3], [3, 2], [3, 3], [1, 1], [2, 2]],753,858,956,543
20198,0,4,96,[2, 1, 6, 5, 11, 10],[[1, 3], [2, 3], [3, 2], [3, 3], [1, 1], [2, 2]],757,841,956,543
20214,0,4,96,[2, 1, 6, 5, 11, 10],[[1, 3], [2, 3], [3, 2], [3, 3], [1, 1], [2, 2]],747,831,956,543
20231,0,4,96,[2, 1, 6, 5, 11, 10],[[1, 3], [2, 3], [3, 2], [3, 3], [1, 1], [2, 2]],753,832,956,543
20247,0,4,96,[2, 1, 6, 5, 11, 10],[[1, 3], [2, 3], [3, 2], [3, 3], [1, 1], [2, 2]],732,831,956,543
20264,0,4,96,[2, 1, 6, 5, 11, 10],[[1, 3], [2, 3], [3, 2], [3, 3], [1, 1], [2, 2]],720,820,956,543
20281,0,4,96,[2, 1, 6, 5, 11, 10],[[1, 3], [2, 3], [3, 2], [3, 3], [1, 1], [2, 2]],693,834,956,543
20297,0,4,96,[2, 1, 6, 5, 11, 10],[[1, 3], [2, 3], [3, 2], [3, 3], [1, 1], [2, 2]],697,804,956,543
20314,0,4,96,[2, 1, 6, 5, 11, 10],[[1, 3], [2, 3], [3, 2], [3, 3], [1, 1], [2, 2]],693,792,956,543
20331,0,4,96,[2, 1, 6, 5, 11, 10],[[1, 3], [2, 3], [3, 2], [3, 3], [1, 1], [2, 2]],704,790,956,543
20347,0,4,96,[2, 1, 6, 5, 11, 10],[[1, 3], [2, 3], [3, 2], [3, 3], [1, 1], [2, 2]],702,801,956,543
20363,0,4,96,[2, 1, 6, 5, 11, 10],[[1, 3], [2, 3], [3, 2], [3, 3], [1, 1], [2, 2]],738,801,956,543
20380,0,4,96,[2, 1, 6, 5, 11, 10],[[1, 3], [2, 3], [3, 2], [3, 3], [1, 1], [2, 2]],755,803,956,543
20397,0,4,96,[2, 1, 6, 5, 11, 10],[[1, 3], [2, 3], [3, 2], [3, 3], [1, 1], [2, 2]],753,801,956,543
20413,0,4,96,[2, 1, 6, 5, 11, 10],[[1, 3], [2, 3], [3, 2], [3, 3], [1, 1], [2, 2]],775,796,956,543
20430,0,4,96,[2, 1, 6, 5, 11, 10],[[1, 3], [2, 3], [3, 2], [3, 3], [1, 1], [2, 2]],764,792,956,543
20445,0,4,96,[2, 1, 6, 5, 11, 10],[[1, 3], [2, 3], [3, 2], [3, 3], [1, 1], [2, 2]],765,789,956,543
20461,0,4,96,[2, 1, 6, 5, 11, 10],[[1, 3], [2, 3], [3, 2], [3, 3], [1, 1], [2, 2]],776,794,956,543
20477,0,4,96,[2, 1, 6, 5, 11, 10],[[1, 3], [2, 3], [3, 2], [3, 3], [1, 1], [2, 2]],759,808,956,543
20493,0,4,96,[2, 1, 6, 5, 11, 10],[[1, 3], [2, 3], [3, 2], [3, 3], [1, 1], [2, 2]],745,826,956,543
20510,0,4,96,[2, 1, 6, 5, 11, 10],[[1, 3], [2, 3], [3, 2], [3, 3], [1, 1], [2, 2]],774,827,956,543
20526,0,4,96,[2, 1, 6, 5, 11, 10],[[1, 3], [2, 3], [3, 2], [3, 3], [1, 1], [2, 2]],777,851,956,543
20542,0,4,96,[2, 1, 6, 5, 11, 10],[[1, 3], [2, 3], [3, 2], [3, 3], [1, 1], [2, 2]],764,861,956,543
20558,0,4,96,[2, 1, 6, 5, 11, 10],[[1, 3], [2, 3], [3, 2], [3, 3], [1, 1], [2, 2]],756,872,956,543
20575,0,4,96,[2, 1, 6, 5, 11, 10],[[1, 3], [2, 3], [3, 2], [3, 3], [1, 1], [2, 2]],738,888,956,543
20590,0,4,96,[2, 1, 6, 5, 11, 10],[[1, 3], [2, 3], [3, 2], [3, 3], [1, 1], [2, 2]],722,903,956,543
20606,0,4,96,[2, 1, 6, 5, 11, 10],[[1, 3], [2, 3], [3, 2], [3, 3], [1, 1], [2, 2]],707,894,956,543
20622,0,4,96,[2, 1, 6, 5, 11, 10],[[1, 3], [2, 3], [3, 2], [3, 3], [1, 1], [2, 2]],700,887,956,543
20638,0,4,96,[2, 1, 6, 5, 11, 10],[[1, 3], [2, 3], [3, 2], [3, 3], [1, 1], [2, 2]],703,882,956,543
20654,0,4,96,[2, 1, 6, 5, 11, 10],[[1, 3], [2, 3], [3, 2], [3, 3], [1, 1], [2, 2]],723,859,956,543
20670,0,4,96,[2, 1, 6, 5, 11, 10],[[1, 3], [2, 3], [3, 2], [3, 3], [1, 1], [2, 2]],732,878,956,543
20686,0,4,96,[2, 1, 6, 5, 11, 10],[[1, 3], [2, 3], [3, 2], [3, 3], [1, 1], [2, 2]],729,885,956,543
20702,0,4,96,[2, 1, 6, 5, 11, 10],[[1, 3], [2, 3], [3, 2], [3, 3], [1, 1], [2, 2]],742,883,956,543
20718,0,4,96,[2, 1, 6, 5, 11, 10],[[1, 3], [2, 3], [3, 2], [3, 3], [1, 1], [2, 2]],749,901,956,543
20734,0,4,96,[2, 1, 6, 5, 11, 10],[[1, 3], [2, 3], [3, 2], [3, 3], [1, 1], [2, 2]],751,888,956,543
20750,0,4,96,[2, 1, 6, 5, 11, 10],[[1, 3], [2, 3], [3, 2], [3, 3], [1, 1], [2, 2]],759,898,956,543
20767,0,4,96,[2, 1, 6, 5, 11, 10],[[1, 3], [2, 3], [3, 2], [3, 3], [1, 1], [2, 2]],754,895,956,543
20783,0,4,96,[2, 1, 6, 5, 11, 10],[[1, 3], [2, 3], [3, 2], [3, 3], [1, 1], [2, 2]],737,924,956,543
20800,0,4,96,[2, 1, 6, 5, 11, 10],[[1, 3], [2, 3], [3, 2], [3, 3], [1, 1], [2, 2]],751,923,956,543
20816,0,4,96,[2, 1, 6, 5, 11, 10],[[1, 3], [2, 3], [3, 2], [3, 3], [1, 1], [2, 2]],784,923,956,543
20833,0,5,98,[2, 1, 4, 8, 7, 9],[[1, 3], [2, 3], [3, 1], [3, 2], [1, 2], [2, 1]],796,910,956,543
